Instance Name: R110b
Qty_Routes: 30 Total_Distance: 1971.3 Total_Cost: 798
List of routes:
#  Cost Demand Distance k f Clients
1 52 77 113.2 3 4 0 35 65 71 66 20 0
2 52 78 128.8 3 4 0 62 11 64 49 36 46 17 0
3 45 79 92 3 3 0 72 23 67 0
4 45 78 96.1 3 3 0 14 38 44 61 91 37 92 0
5 52 80 117.5 3 4 0 81 9 34 54 25 0
6 45 76 95.5 3 3 0 98 16 86 43 42 0
7 45 78 85.8 3 3 0 70 30 90 63 32 10 0
8 24 48 69.3 2 2 0 82 47 7 0
9 24 50 68.4 2 2 0 39 4 0
10 45 79 91.9 3 3 0 5 83 45 8 19 0
11 24 50 64.5 2 2 0 33 78 79 3 0
12 32 47 92.2 2 3 0 22 75 56 55 24 0
13 45 80 85.6 3 3 0 41 15 100 93 59 0
14 24 45 59.7 2 2 0 29 68 0
15 24 48 57.5 2 2 0 18 48 0
16 32 49 70.4 2 3 0 12 80 77 51 0
17 24 47 66.5 2 2 0 74 73 57 13 0
18 24 48 57.6 2 2 0 85 84 0
19 10 25 39.2 1 1 0 27 88 0
20 10 26 36.8 1 1 0 87 0
21 10 25 36.2 1 1 0 2 58 0
22 10 28 39.2 1 1 0 21 26 0
23 10 18 36.1 1 1 0 60 89 0
24 10 27 35 1 1 0 31 0
25 10 29 37.8 1 1 0 95 99 0
26 16 50 39.9 2 1 0 94 96 97 0
27 10 23 38.5 1 1 0 1 50 0
28 10 29 31.4 1 1 0 28 76 0
29 24 32 66.3 2 2 0 53 52 6 69 0
30 10 9 22.4 1 1 0 40 0

