Instance Name: RC205c
Qty_Routes: 16 Total_Distance: 1682.7 Total_Cost: 574
List of routes:
#  Cost Demand Distance k f Clients
1 91 198 191 2 3 0 21 63 85 33 30 27 28 26 29 31 32 34 50 0
2 91 194 191.7 2 3 0 99 52 86 87 59 75 97 74 77 58 25 48 0
3 43 96 138.6 1 2 0 18 76 89 20 24 0
4 43 99 103.3 1 2 0 19 23 49 51 0
5 64 196 131.5 2 2 0 42 39 36 44 38 40 43 35 37 54 0
6 43 95 128 1 2 0 14 15 16 47 73 17 13 0
7 64 193 116.5 2 2 0 2 7 45 46 8 6 5 3 1 4 100 0
8 15 75 79.9 1 1 0 98 88 79 60 0
9 15 77 76.5 1 1 0 57 22 83 0
10 15 89 76.4 1 1 0 12 11 9 82 0
11 15 64 79.1 1 1 0 65 53 78 55 0
12 15 73 77.5 1 1 0 69 10 66 0
13 15 66 78.4 1 1 0 61 41 72 93 96 0
14 15 82 79 1 1 0 92 95 62 67 71 94 80 0
15 15 67 75.7 1 1 0 64 91 84 56 0
16 15 60 59.6 1 1 0 90 81 68 70 0

