Instance Name: R210b
Qty_Routes: 5 Total_Distance: 1317.7 Total_Cost: 917.4
List of routes:
#  Cost Demand Distance k f Clients
1 203 300 310.7 1 5 0 27 69 30 33 51 71 65 9 81 79 3 24 29 78 35 34 66 20 32 46 70 1 50 0
2 213.4 300 330.4 1 6 0 52 83 92 42 61 16 45 82 48 47 36 11 62 88 90 63 64 49 19 8 7 10 17 0
3 176 298 257.4 1 4 0 21 73 72 75 23 67 39 56 22 41 43 14 91 57 2 74 4 55 25 54 80 26 60 0
4 149 297 172.5 1 3 0 95 59 98 15 44 38 86 84 5 85 6 97 100 37 93 96 89 0
5 176 263 246.7 1 4 0 31 18 94 40 28 76 53 99 87 12 13 68 77 58 0

