Instance Name: R106a
Qty_Routes: 38 Total_Distance: 2693.2 Total_Cost: 2918.5
List of routes:
#  Cost Demand Distance k f Clients
1 103 49 116.9 2 4 0 65 71 35 80 0
2 80.5 30 139.5 1 5 0 19 64 46 17 91 0
3 103 49 109.6 2 4 0 83 36 49 60 0
4 64 30 97.9 1 3 0 67 41 0
5 96 48 91.2 2 3 0 92 61 38 100 0
6 96 49 96.4 2 3 0 30 90 66 0
7 96 49 93.5 2 3 0 23 75 55 0
8 96 48 93.2 2 3 0 9 34 54 0
9 96 50 86.5 2 3 0 42 98 86 0
10 103 48 125.6 2 4 0 63 62 10 24 0
11 103 48 120.3 2 4 0 14 44 6 43 0
12 103 46 119 2 4 0 82 47 78 0
13 58 28 68.3 1 2 0 32 70 0
14 88 50 68.4 2 2 0 39 4 0
15 64 26 92.8 1 3 0 7 11 20 0
16 103 48 110.1 2 4 0 3 79 56 25 0
17 96 49 84.5 2 3 0 15 16 93 0
18 64 30 88.5 1 3 0 33 29 51 0
19 58 25 61.8 1 2 0 45 8 0
20 88 48 57.5 2 2 0 18 48 0
21 58 26 55.2 1 2 0 81 0
22 88 46 55.5 2 2 0 73 22 74 21 0
23 88 50 61.2 2 2 0 84 37 97 13 0
24 58 27 52 1 2 0 95 57 0
25 88 50 46.2 2 2 0 85 99 0
26 96 50 71.6 2 3 0 69 12 72 0
27 88 50 46.1 2 2 0 68 77 0
28 58 26 41.2 1 2 0 5 0
29 58 28 50.9 1 2 0 52 88 1 0
30 50 26 36.8 1 1 0 87 0
31 50 25 36.2 1 1 0 2 58 0
32 50 28 35.6 1 1 0 59 0
33 50 27 35 1 1 0 31 0
34 50 26 38.1 1 1 0 50 76 0
35 50 26 33.2 1 1 0 89 96 0
36 50 27 24 1 1 0 94 0
37 50 26 29.5 1 1 0 40 26 0
38 80 46 23.4 2 1 0 27 28 53 0

