Instance Name: R110a
Qty_Routes: 35 Total_Distance: 2501.3 Total_Cost: 2902.4
List of routes:
#  Cost Demand Distance k f Clients
1 109.7 47 136.7 2 5 0 55 78 34 35 65 0
2 122.7 47 149.7 2 5 0 11 19 64 36 46 17 91 0
3 96 49 90 2 3 0 49 62 0
4 103 50 114.4 2 4 0 92 41 75 67 0
5 96 49 88.9 2 3 0 14 38 61 0
6 96 49 96.4 2 3 0 30 90 66 0
7 103 48 129.6 2 4 0 9 71 20 70 24 0
8 96 50 86.8 2 3 0 23 22 6 0
9 96 50 83 2 3 0 98 86 42 0
10 64 29 91.5 1 3 0 63 10 60 0
11 103 46 114.6 2 4 0 7 45 44 43 0
12 96 50 84.2 2 3 0 82 47 84 0
13 103 48 126 2 4 0 25 80 3 32 0
14 88 50 68.4 2 2 0 39 4 0
15 96 49 84.5 2 3 0 93 16 15 0
16 96 50 72.4 2 3 0 79 29 54 0
17 96 47 90.7 2 3 0 73 56 74 57 100 0
18 88 45 63.5 2 2 0 8 48 0
19 88 47 61.7 2 2 0 33 81 51 0
20 88 49 48.7 2 2 0 85 37 0
21 88 48 52.9 2 2 0 13 72 0
22 88 50 46.1 2 2 0 77 68 0
23 58 29 58.4 1 2 0 69 18 83 0
24 88 46 47.2 2 2 0 5 95 0
25 58 28 50.9 1 2 0 52 88 1 0
26 50 26 36.8 1 1 0 87 0
27 50 25 36.2 1 1 0 2 58 0
28 50 28 39.2 1 1 0 21 26 0
29 50 28 35.6 1 1 0 59 0
30 50 27 35 1 1 0 31 0
31 88 48 66.9 2 2 0 12 40 96 99 0
32 50 26 37.3 1 1 0 53 97 0
33 80 42 38.1 2 1 0 28 76 50 0
34 80 42 29 2 1 0 94 89 0
35 50 16 10 1 1 0 27 0

