Instance Name: R111b
Qty_Routes: 28 Total_Distance: 1928.5 Total_Cost: 804.2
List of routes:
#  Cost Demand Distance k f Clients
1 59.1 80 137.1 3 5 0 90 71 65 35 66 20 0
2 58.1 79 136.1 3 5 0 7 64 49 36 47 46 17 0
3 45 79 92 3 3 0 72 23 67 0
4 45 78 93.7 3 3 0 92 91 14 38 61 5 0
5 52 80 100.1 3 4 0 81 9 34 78 24 54 0
6 45 76 88 3 3 0 98 86 44 42 37 0
7 45 80 97.6 3 3 0 51 30 10 63 32 0
8 45 80 93.6 3 3 0 57 15 43 16 100 93 0
9 24 50 68.4 2 2 0 39 4 0
10 52 78 109.7 3 4 0 62 11 19 8 82 70 0
11 32 49 95.2 2 3 0 33 79 29 25 0
12 32 49 86.7 2 3 0 41 22 75 56 55 0
13 24 49 62.3 2 2 0 83 45 84 89 0
14 24 48 57.5 2 2 0 18 48 0
15 24 45 69.7 2 2 0 73 74 59 0
16 24 50 46.2 2 2 0 85 99 0
17 24 49 49.9 2 2 0 3 68 0
18 24 50 68.4 2 2 0 21 80 77 12 0
19 10 25 39.2 1 1 0 27 88 0
20 16 49 36.9 2 1 0 87 13 0
21 10 25 36.2 1 1 0 2 58 0
22 24 50 46 2 2 0 94 95 60 0
23 10 27 35 1 1 0 31 0
24 10 26 39.3 1 1 0 6 96 97 0
25 10 23 38.5 1 1 0 1 50 0
26 10 30 39.5 1 1 0 26 76 0
27 10 15 34.3 1 1 0 69 52 0
28 16 39 31.4 2 1 0 28 53 40 0

