Instance Name: R211c
Qty_Routes: 9 Total_Distance: 1023.5 Total_Cost: 583
List of routes:
#  Cost Demand Distance k f Clients
1 104 270 197.7 1 3 0 28 76 50 33 81 78 34 35 71 65 66 20 32 63 90 49 10 70 1 0
2 104 288 199.9 1 3 0 52 88 62 19 11 64 36 47 46 8 45 17 86 38 44 14 91 85 37 92 97 0
3 75 164 139.8 1 2 0 57 15 41 22 75 56 23 67 39 25 55 24 80 0
4 45 161 79.8 1 1 0 6 96 99 59 93 98 100 43 42 87 13 0
5 45 119 79.4 1 1 0 27 69 30 51 9 79 3 77 0
6 45 122 79.3 1 1 0 53 40 26 12 54 29 68 0
7 45 118 79 1 1 0 18 60 83 5 84 61 16 94 0
8 45 99 73.9 1 1 0 89 31 7 48 82 0
9 75 117 94.7 1 2 0 95 21 73 72 74 4 2 58 0

