Instance Name: RC102c
Qty_Routes: 22 Total_Distance: 1879.3 Total_Cost: 705.9
List of routes:
#  Cost Demand Distance k f Clients
1 56 150 129.5 3 4 0 28 26 27 32 31 34 50 0
2 58.4 146 132.4 3 5 0 11 87 59 97 75 58 52 0
3 39 80 129.2 2 4 0 95 85 63 76 89 48 0
4 29 33 124 1 4 0 33 29 30 93 0
5 69.5 147 143.5 3 5 0 21 23 19 18 49 20 25 77 0
6 73 194 122.2 4 4 0 39 37 36 38 40 43 35 72 96 0
7 73 178 121.4 4 4 0 82 14 47 16 15 9 10 13 17 12 98 0
8 48 150 98.1 3 3 0 45 5 3 1 8 46 4 2 0
9 32 79 97.6 2 3 0 73 78 79 60 0
10 32 69 93.9 2 3 0 57 86 74 24 0
11 56 102 128.6 3 4 0 42 44 6 7 55 100 70 0
12 32 76 98.5 2 3 0 62 51 22 83 0
13 14 36 64.1 1 2 0 41 54 0
14 14 40 68.8 1 2 0 91 67 84 0
15 14 37 53.2 1 2 0 94 71 0
16 14 36 45.7 1 2 0 64 56 0
17 14 36 57.7 1 2 0 65 99 53 0
18 6 19 35.8 1 1 0 88 0
19 6 30 32.9 1 1 0 61 68 0
20 14 40 65.8 1 2 0 92 81 66 0
21 6 33 21.2 1 1 0 69 90 0
22 6 13 15.2 1 1 0 80 0

