Instance Name: C208c
Qty_Routes: 5 Total_Distance: 1008.4 Total_Cost: 863
List of routes:
#  Cost Demand Distance k f Clients
1 159 400 197 1 3 0 5 75 1 89 7 3 4 91 88 86 84 83 82 85 76 71 70 73 80 79 81 78 77 87 96 0
2 130 400 139.8 1 2 0 67 66 69 61 64 68 65 49 55 54 53 60 58 56 59 57 40 44 46 45 41 42 47 43 48 0
3 258 500 313.9 2 5 0 20 27 29 24 22 93 2 99 100 97 92 94 95 98 23 12 14 16 19 17 90 11 25 9 10 8 21 0
4 186 390 245.8 1 4 0 62 72 63 30 6 31 35 32 33 36 39 38 37 28 18 26 34 51 52 50 0
5 130 120 111.9 1 2 0 74 13 15 0

