Instance Name: RC106a
Qty_Routes: 45 Total_Distance: 3575.2 Total_Cost: 3343.8
List of routes:
#  Cost Demand Distance k f Clients
1 83 40 117.2 1 4 0 28 26 0
2 83 40 117.8 1 4 0 29 27 30 0
3 83 39 115.4 1 4 0 52 75 58 0
4 83 39 128.6 1 4 0 62 85 63 89 93 0
5 83 40 108.9 1 4 0 33 34 0
6 83 39 106.5 1 4 0 67 31 32 0
7 96.8 40 143.8 1 5 0 23 77 100 0
8 83 40 129.5 1 4 0 73 97 0
9 76 40 99.5 1 3 0 18 25 0
10 76 40 92.1 1 3 0 21 48 49 20 0
11 76 40 89.3 1 3 0 39 37 35 0
12 76 40 86 1 3 0 36 0
13 76 37 88.8 1 3 0 95 76 0
14 76 40 88.8 1 3 0 87 59 74 0
15 76 40 82.5 1 3 0 16 15 0
16 76 40 82.1 1 3 0 45 5 3 0
17 76 40 80.7 1 3 0 14 47 17 0
18 76 40 81.4 1 3 0 44 40 0
19 76 40 80 1 3 0 19 0
20 76 40 80.6 1 3 0 7 8 46 0
21 83 40 109.6 1 4 0 79 13 0
22 76 40 83.6 1 3 0 6 1 0
23 76 38 87.6 1 3 0 72 42 43 0
24 76 39 75.7 1 3 0 61 38 0
25 76 40 72.2 1 3 0 4 0
26 83 40 109.8 1 4 0 50 24 0
27 76 40 70 1 3 0 22 0
28 76 40 76.1 1 3 0 9 12 0
29 68 40 67 1 2 0 11 0
30 68 37 69.7 1 2 0 51 84 0
31 68 38 67.5 1 2 0 78 53 90 0
32 68 37 66.9 1 2 0 82 86 0
33 68 39 65.7 1 2 0 98 10 0
34 76 40 74.7 1 3 0 2 81 0
35 68 36 64.1 1 2 0 41 54 0
36 68 37 55.3 1 2 0 83 57 0
37 68 36 54 1 2 0 88 60 0
38 68 40 51 1 2 0 71 96 0
39 68 36 45.7 1 2 0 64 56 0
40 68 31 42 1 2 0 65 99 0
41 68 39 44 1 2 0 70 55 0
42 60 37 38.3 1 1 0 92 94 0
43 60 29 34.4 1 1 0 91 66 0
44 60 34 32.4 1 1 0 80 68 0
45 60 27 18.4 1 1 0 69 0

