Instance Name: RC207b
Qty_Routes: 19 Total_Distance: 1845.4 Total_Cost: 876
List of routes:
#  Cost Demand Distance k f Clients
1 58 100 135.6 1 2 0 33 30 29 27 28 26 32 0
2 84 99 154.7 1 3 0 52 21 25 77 75 97 74 0
3 58 97 138.4 1 2 0 62 85 63 76 89 48 20 24 0
4 58 98 112.3 1 2 0 95 67 31 34 50 93 0
5 58 99 128.5 1 2 0 59 58 23 18 49 0
6 58 100 94.7 1 2 0 40 37 35 36 0
7 58 100 111.8 1 2 0 53 73 14 47 17 16 15 13 0
8 58 100 99.6 1 2 0 7 8 45 5 3 1 46 0
9 58 99 90.3 1 2 0 51 19 22 0
10 30 75 79.9 1 1 0 98 88 79 60 0
11 30 78 79.8 1 1 0 65 86 87 99 90 0
12 58 100 92.5 1 2 0 38 42 44 43 39 41 0
13 30 93 76.4 1 1 0 2 6 4 100 0
14 30 99 73 1 1 0 82 10 11 9 0
15 30 74 75.9 1 1 0 69 78 12 0
16 30 91 78.4 1 1 0 71 72 54 96 92 91 0
17 30 97 77 1 1 0 83 64 84 56 66 80 0
18 30 46 79.5 1 1 0 94 57 0
19 30 79 67.1 1 1 0 81 61 68 55 70 0

