Instance Name: C204b
Qty_Routes: 5 Total_Distance: 933.5 Total_Cost: 1347
List of routes:
#  Cost Demand Distance k f Clients
1 286 400 210.1 1 4 0 89 7 98 94 3 4 91 90 86 88 84 83 82 85 81 76 71 70 73 79 80 78 77 87 96 0
2 259 400 144.3 1 3 0 67 66 69 64 68 65 49 55 54 53 60 58 56 59 57 40 44 46 45 41 42 50 47 43 48 0
3 259 400 185.6 1 3 0 93 5 2 99 100 95 92 97 1 75 16 13 9 11 10 8 21 27 22 20 0
4 313 390 266.3 1 5 0 24 30 29 17 14 19 18 26 28 34 36 39 38 37 35 31 33 32 23 6 51 52 61 72 0
5 230 220 127.2 1 2 0 62 74 63 15 12 25 0

