Instance Name: C204c
Qty_Routes: 5 Total_Distance: 935.2 Total_Cost: 906
List of routes:
#  Cost Demand Distance k f Clients
1 258 500 270.4 2 5 0 89 7 98 1 99 100 97 94 92 3 4 91 90 86 88 84 83 82 85 81 76 71 70 73 79 80 78 77 72 87 96 0
2 230 500 212.6 2 4 0 5 67 62 61 66 69 64 68 65 49 55 54 53 60 58 56 59 57 40 44 46 45 41 42 51 50 52 47 43 48 20 24 22 0
3 159 400 182.9 1 3 0 93 75 2 10 21 27 30 29 28 34 36 39 38 37 35 31 33 32 6 26 0
4 159 380 194.9 1 3 0 74 23 12 14 16 19 15 18 17 13 25 9 11 8 63 0
5 100 30 74.4 1 1 0 95 0

