Instance Name: RC202a
Qty_Routes: 18 Total_Distance: 2062.8 Total_Cost: 3226
List of routes:
#  Cost Demand Distance k f Clients
1 178 100 131.8 1 2 0 33 29 27 26 28 30 32 0
2 204 99 193 1 3 0 73 52 74 58 75 77 25 21 48 0
3 204 100 147.1 1 3 0 62 51 18 76 89 85 0
4 178 98 125.2 1 2 0 63 34 31 50 67 93 0
5 204 100 142.1 1 3 0 14 47 16 97 59 95 0
6 178 100 96.6 1 2 0 19 23 49 20 24 0
7 178 100 99.8 1 2 0 37 36 40 35 0
8 178 100 100.9 1 2 0 7 45 8 46 5 3 1 0
9 178 99 113.1 1 2 0 12 15 9 17 13 82 0
10 178 100 105.5 1 2 0 88 53 6 79 60 98 0
11 178 100 139 1 2 0 72 65 83 86 87 99 90 0
12 178 94 120.9 1 2 0 39 42 44 41 43 68 100 0
13 178 95 96.4 1 2 0 61 38 71 54 96 0
14 150 93 75.4 1 1 0 4 2 70 0
15 178 97 93.9 1 2 0 57 22 84 66 0
16 178 99 97.4 1 2 0 91 11 10 55 0
17 178 98 127.1 1 2 0 92 64 69 78 80 0
18 150 52 57.6 1 1 0 81 94 56 0

