Instance Name: C205c
Qty_Routes: 6 Total_Distance: 973.3 Total_Cost: 888
List of routes:
#  Cost Demand Distance k f Clients
1 159 400 196.8 1 3 0 5 75 1 7 89 3 4 91 88 86 84 83 82 85 76 71 70 73 80 79 81 78 77 87 96 0
2 130 400 139.5 1 2 0 67 66 69 68 65 49 55 54 53 60 56 58 59 57 40 44 46 45 51 50 47 42 41 43 48 0
3 186 400 236.6 1 4 0 20 24 22 93 2 99 100 97 94 92 95 98 14 16 12 9 10 11 90 8 21 0
4 213 400 266.6 1 5 0 27 30 29 64 6 32 33 31 35 37 39 38 28 36 34 26 23 19 18 17 25 52 0
5 100 70 72.3 1 1 0 13 15 0
6 100 140 61.5 1 1 0 62 63 74 61 72 0

