Instance Name: R111a
Qty_Routes: 35 Total_Distance: 2520.7 Total_Cost: 2897.3
List of routes:
#  Cost Demand Distance k f Clients
1 120.1 50 147.1 2 5 0 92 71 65 35 70 0
2 117.2 47 144.2 2 5 0 19 11 64 36 46 17 91 0
3 96 49 90 2 3 0 62 49 0
4 96 48 99.9 2 3 0 67 75 41 0
5 96 49 88.9 2 3 0 14 38 61 0
6 96 49 96.4 2 3 0 30 90 66 0
7 103 49 100 2 4 0 23 22 55 0
8 96 49 87.2 2 3 0 51 9 34 29 0
9 96 50 83 2 3 0 98 86 42 0
10 103 49 113.6 2 4 0 33 78 20 10 63 0
11 103 49 109.4 2 4 0 7 16 44 43 0
12 96 49 84.1 2 3 0 47 45 60 6 0
13 64 29 93.4 1 3 0 80 32 0
14 88 50 68.4 2 2 0 39 4 0
15 64 30 88.2 1 3 0 54 56 25 0
16 96 47 74.3 2 3 0 15 100 93 0
17 103 50 106.6 2 4 0 3 81 24 74 0
18 88 45 63.5 2 2 0 48 8 0
19 64 30 92.6 1 3 0 79 57 0
20 96 49 87.5 2 3 0 2 37 84 83 82 0
21 88 50 46.2 2 2 0 85 99 0
22 88 45 45.8 2 2 0 73 72 21 0
23 88 50 46.1 2 2 0 68 77 0
24 88 49 47.6 2 2 0 5 13 0
25 58 30 49.6 1 2 0 52 88 18 0
26 50 26 36.8 1 1 0 87 0
27 50 28 35.6 1 1 0 59 0
28 50 27 35 1 1 0 31 0
29 50 30 38.4 1 1 0 97 58 0
30 50 26 38.1 1 1 0 50 76 0
31 50 26 33.2 1 1 0 89 96 0
32 88 49 55.5 2 2 0 1 69 12 53 0
33 88 46 48.2 2 2 0 26 40 95 0
34 80 43 36.3 2 1 0 28 94 0
35 50 16 10 1 1 0 27 0

