Instance Name: RC103c
Qty_Routes: 21 Total_Distance: 1750.2 Total_Cost: 692.1
List of routes:
#  Cost Demand Distance k f Clients
1 65.9 146 139.9 3 5 0 28 26 27 30 29 31 32 34 95 0
2 69.2 141 143.2 3 5 0 52 86 59 87 97 75 58 77 0
3 57 144 131 3 5 0 85 63 89 76 18 48 21 19 0
4 39 77 118.3 2 4 0 50 33 51 84 0
5 56 143 119.7 3 4 0 20 23 22 49 25 24 57 0
6 73 185 127.6 4 4 0 39 37 36 38 43 40 35 72 71 93 0
7 48 150 96.2 3 3 0 47 16 15 11 10 14 12 0
8 48 150 98.4 3 3 0 2 45 5 3 1 8 46 4 0
9 39 79 109.5 2 4 0 82 99 9 13 17 73 0
10 39 80 103.7 2 4 0 7 79 78 100 0
11 22 39 85 1 3 0 64 83 74 0
12 32 75 77 2 3 0 61 42 44 41 54 81 0
13 32 71 81.1 2 3 0 88 6 60 98 90 0
14 14 35 64.8 1 2 0 94 62 67 0
15 14 37 57.4 1 2 0 65 53 55 0
16 6 23 39.2 1 1 0 70 0
17 6 32 37.1 1 1 0 56 91 0
18 14 40 41.5 1 2 0 92 96 0
19 6 16 26 1 1 0 66 0
20 6 21 20 1 1 0 68 0
21 6 40 33.6 1 1 0 69 80 0

