Instance Name: RC202b
Qty_Routes: 20 Total_Distance: 1922.8 Total_Cost: 878
List of routes:
#  Cost Demand Distance k f Clients
1 58 100 131.8 1 2 0 33 29 27 26 28 30 32 0
2 84 99 193 1 3 0 73 52 74 58 75 77 25 21 48 0
3 58 97 133.4 1 2 0 51 18 76 89 85 0
4 58 98 122.5 1 2 0 63 34 31 50 62 67 0
5 58 94 114.9 1 2 0 14 47 16 97 59 0
6 58 100 96.6 1 2 0 19 23 49 20 24 0
7 58 100 99.8 1 2 0 37 36 40 35 0
8 58 100 100.9 1 2 0 7 45 8 46 5 3 1 0
9 58 99 113.1 1 2 0 12 15 9 17 13 82 0
10 30 75 78.2 1 1 0 88 79 60 98 0
11 30 78 79.8 1 1 0 65 86 87 99 90 0
12 30 61 77.7 1 1 0 42 44 43 68 0
13 30 76 77.8 1 1 0 39 38 41 54 0
14 30 93 75.3 1 1 0 6 4 2 100 0
15 30 93 77.5 1 1 0 57 22 83 66 0
16 30 86 77.9 1 1 0 11 10 55 0
17 30 59 66.4 1 1 0 69 53 78 0
18 30 74 79.1 1 1 0 94 96 71 93 72 0
19 30 100 76.6 1 1 0 92 64 84 95 56 91 80 0
20 30 42 50.5 1 1 0 81 61 70 0

