Instance Name: RC105c
Qty_Routes: 21 Total_Distance: 1876.6 Total_Cost: 701.1
List of routes:
#  Cost Demand Distance k f Clients
1 57.7 133 131.7 3 5 0 28 26 27 29 31 32 34 93 0
2 56 148 129.6 3 4 0 83 52 86 87 59 97 75 58 0
3 63.6 134 137.6 3 5 0 92 95 85 63 76 89 48 21 25 24 0
4 29 39 125.3 1 4 0 33 30 51 0
5 63.8 147 137.8 3 5 0 19 23 18 22 49 77 0
6 73 193 123.4 4 4 0 42 39 36 38 40 37 35 43 70 0
7 56 149 118.1 3 4 0 82 12 14 15 16 47 10 13 17 0
8 48 150 98.4 3 3 0 2 45 5 3 1 8 46 4 0
9 39 75 105.4 2 4 0 7 79 73 60 100 0
10 32 77 95.2 2 3 0 98 11 9 74 0
11 32 80 85 2 3 0 44 41 72 54 96 0
12 39 80 118.2 2 4 0 62 50 84 56 20 0
13 14 39 69.2 1 2 0 88 6 0
14 14 27 65.2 1 2 0 78 0
15 14 38 58.2 1 2 0 99 57 0
16 14 36 65.5 1 2 0 71 67 91 0
17 24 69 66.1 2 2 0 94 64 66 80 0
18 14 38 54.3 1 2 0 69 90 53 0
19 6 19 35.9 1 1 0 61 81 0
20 6 37 34.1 1 1 0 55 68 0
21 6 16 22.4 1 1 0 65 0

