Instance Name: RC101b
Qty_Routes: 32 Total_Distance: 2475.1 Total_Cost: 1075.7
List of routes:
#  Cost Demand Distance k f Clients
1 56.9 80 132.9 2 5 0 27 28 30 26 32 0
2 54.8 74 130.8 2 5 0 52 75 97 58 0
3 73 80 149 2 5 0 95 63 76 85 89 48 0
4 54 73 118.2 2 4 0 33 29 31 34 93 0
5 54 77 127.2 2 4 0 21 23 49 25 77 0
6 47 80 94.7 2 3 0 19 18 20 24 0
7 47 80 94 2 3 0 39 36 37 35 0
8 28 40 91.9 1 3 0 59 87 74 0
9 47 80 91.5 2 3 0 14 47 16 15 17 0
10 47 80 84.2 2 3 0 45 5 3 4 0
11 47 80 83.9 2 3 0 42 44 40 38 0
12 28 38 92.4 1 3 0 73 79 100 0
13 47 80 93.9 2 3 0 7 6 8 46 1 0
14 47 74 88.6 2 3 0 98 53 9 10 13 0
15 28 40 79.3 1 3 0 41 43 0
16 28 33 71.5 1 3 0 62 50 0
17 47 76 85.5 2 3 0 64 51 22 0
18 20 40 67 1 2 0 11 0
19 47 73 79.9 2 3 0 82 12 78 60 0
20 20 28 64.4 1 2 0 86 0
21 28 39 71.7 1 3 0 2 61 0
22 20 38 66.9 1 2 0 72 71 54 0
23 20 40 67.4 1 2 0 67 84 91 0
24 20 37 55.3 1 2 0 83 57 0
25 20 34 61.5 1 2 0 88 99 0
26 20 39 44 1 2 0 55 70 0
27 20 33 41.3 1 2 0 92 56 0
28 12 36 34.7 1 1 0 94 80 0
29 12 36 34.7 1 1 0 81 96 0
30 12 32 30.9 1 1 0 65 66 0
31 12 27 27.5 1 1 0 90 68 0
32 12 27 18.4 1 1 0 69 0

