Instance Name: R205c
Qty_Routes: 11 Total_Distance: 1261.7 Total_Cost: 701
List of routes:
#  Cost Demand Distance k f Clients
1 75 148 139.6 1 2 0 28 33 71 65 35 66 20 32 10 70 0
2 75 126 139.8 1 2 0 82 47 36 11 63 64 49 19 0
3 75 199 138.5 1 2 0 21 72 75 23 67 39 56 4 25 55 24 54 80 0
4 75 274 138.6 1 2 0 2 15 42 14 44 38 86 16 61 98 85 91 100 37 93 96 13 0
5 45 82 79.9 1 1 0 76 3 79 78 34 9 0
6 45 64 79.5 1 1 0 83 45 46 48 0
7 45 100 79.6 1 1 0 59 92 97 87 43 57 58 0
8 45 105 77.9 1 1 0 27 31 88 62 90 30 1 0
9 45 73 67.5 1 1 0 95 5 84 17 60 89 0
10 45 81 79 1 1 0 51 81 29 68 0
11 131 206 241.8 1 4 0 12 69 52 7 18 53 6 8 99 94 40 73 41 22 74 26 50 77 0

