Instance Name: R112a
Qty_Routes: 35 Total_Distance: 2428.4 Total_Cost: 2861.6
List of routes:
#  Cost Demand Distance k f Clients
1 107.8 47 134.8 2 5 0 55 24 34 35 65 0
2 117.2 47 144.2 2 5 0 19 11 64 36 46 17 91 0
3 96 49 90 2 3 0 49 62 0
4 103 50 114.4 2 4 0 92 41 75 67 0
5 96 49 88.9 2 3 0 14 38 61 0
6 115.6 49 142.6 2 5 0 90 66 71 78 60 0
7 96 50 86.8 2 3 0 23 22 6 0
8 96 50 83 2 3 0 98 86 42 0
9 96 49 77 2 3 0 10 63 32 0
10 103 49 109.4 2 4 0 7 16 44 43 0
11 96 50 84.2 2 3 0 82 47 84 0
12 88 50 68.4 2 2 0 39 4 0
13 103 49 114.2 2 4 0 70 80 54 25 56 74 0
14 96 50 71.1 2 3 0 3 33 9 51 0
15 58 30 64.2 1 2 0 20 30 0
16 96 47 74.3 2 3 0 93 100 15 0
17 58 28 60.5 1 2 0 29 12 0
18 88 48 61.8 2 2 0 83 45 8 18 0
19 88 45 60 2 2 0 88 48 0
20 88 49 59.5 2 2 0 81 79 0
21 64 30 91.6 1 3 0 69 37 57 73 0
22 88 50 46.2 2 2 0 99 85 0
23 88 48 52.9 2 2 0 13 72 0
24 88 50 46.1 2 2 0 77 68 0
25 88 46 47.2 2 2 0 5 95 0
26 50 26 36.8 1 1 0 87 0
27 50 25 36.2 1 1 0 2 58 0
28 50 28 39.2 1 1 0 21 26 0
29 50 28 35.6 1 1 0 59 0
30 50 27 35 1 1 0 31 0
31 80 50 39.9 2 1 0 94 96 97 0
32 50 26 38.1 1 1 0 50 76 0
33 50 26 31 1 1 0 27 1 0
34 50 24 28.4 1 1 0 52 89 0
35 80 39 34.9 2 1 0 53 28 40 0

