Instance Name: C109a
Qty_Routes: 19 Total_Distance: 1514 Total_Cost: 6164
List of routes:
#  Cost Demand Distance k f Clients
1 343 100 125.6 1 4 0 78 76 73 70 77 79 80 0
2 343 100 127.9 1 4 0 71 81 82 83 89 91 0
3 329 100 98.4 1 3 0 55 56 60 58 59 0
4 329 100 91.2 1 3 0 57 53 54 0
5 329 100 97.7 1 3 0 96 95 92 94 100 99 0
6 329 100 94.7 1 3 0 98 93 97 9 0
7 329 100 94.5 1 3 0 35 37 38 39 36 30 0
8 329 100 94.1 1 3 0 18 19 14 16 12 0
9 329 100 78 1 3 0 17 15 13 11 0
10 329 100 86.6 1 3 0 32 31 51 45 48 50 52 0
11 329 100 77.5 1 3 0 24 27 29 33 34 26 0
12 329 100 77.2 1 3 0 65 90 87 86 85 84 0
13 329 100 75.7 1 3 0 88 4 2 1 75 0
14 329 100 79 1 3 0 40 67 62 72 61 64 68 66 69 0
15 315 100 53.9 1 2 0 41 43 42 44 46 49 47 0
16 300 100 39.7 1 1 0 63 74 0
17 315 100 65.6 1 2 0 5 3 8 7 10 6 23 0
18 300 100 36.7 1 1 0 25 28 22 21 0
19 300 10 20 1 1 0 20 0

