Instance Name: R112c
Qty_Routes: 26 Total_Distance: 1730.5 Total_Cost: 542
List of routes:
#  Cost Demand Distance k f Clients
1 51 111 120.2 4 4 0 81 78 34 35 71 65 66 0
2 51 105 129.2 4 4 0 5 84 46 47 36 49 64 0
3 43 116 92.6 4 3 0 72 75 23 67 4 0
4 43 118 96.3 4 3 0 42 14 38 86 16 91 93 0
5 31 79 95.4 3 3 0 30 10 63 32 20 0
6 38 79 109.5 3 4 0 100 44 43 15 41 22 56 0
7 31 80 98.6 3 3 0 39 55 54 80 79 0
8 31 80 95.6 3 3 0 45 82 19 11 62 0
9 38 74 124.6 3 4 0 21 25 24 29 3 33 9 70 0
10 13 30 64.7 1 2 0 31 90 0
11 43 120 98.9 4 3 0 83 48 8 17 61 85 37 0
12 16 46 68.5 2 2 0 51 68 0
13 16 50 64.2 2 2 0 87 57 74 73 0
14 23 79 45.9 3 2 0 59 98 92 97 94 0
15 16 48 64 2 2 0 7 95 13 0
16 5 27 39.5 1 1 0 76 77 0
17 5 18 39.6 1 1 0 52 88 0
18 5 25 36.2 1 1 0 2 58 0
19 5 21 38.2 1 1 0 6 60 89 0
20 5 20 35 1 1 0 96 99 0
21 5 23 38.5 1 1 0 1 50 0
22 5 12 31.6 1 1 0 18 0
23 8 36 33.3 2 1 0 12 26 0
24 5 22 29.3 1 1 0 69 28 0
25 5 9 22.4 1 1 0 40 0
26 5 30 18.7 1 1 0 53 27 0

