Instance Name: RC107b
Qty_Routes: 30 Total_Distance: 2333 Total_Cost: 1050.3
List of routes:
#  Cost Demand Distance k f Clients
1 54 80 121.7 2 4 0 31 28 26 27 0
2 54 74 130 2 5 0 52 75 58 97 0
3 58.3 77 134.3 2 5 0 62 85 63 89 76 48 0
4 54 79 122.1 2 4 0 67 33 30 29 32 34 0
5 54 77 116.4 2 4 0 77 25 23 18 0
6 47 80 94.8 2 3 0 49 19 21 24 20 0
7 47 80 89.4 2 3 0 37 35 36 39 0
8 54 78 112.4 2 4 0 47 87 59 74 86 0
9 47 80 82.8 2 3 0 11 16 15 0
10 47 80 82.5 2 3 0 4 45 5 3 0
11 47 80 83.2 2 3 0 12 14 17 10 0
12 47 80 83.9 2 3 0 42 44 40 38 0
13 54 80 123 2 4 0 8 79 73 78 53 100 0
14 28 39 93.4 1 3 0 61 46 1 0
15 28 39 76.7 1 3 0 82 13 9 0
16 28 40 79.3 1 3 0 43 41 0
17 47 79 79.8 2 3 0 98 2 6 7 0
18 28 39 78 1 3 0 95 50 93 0
19 47 77 87 2 3 0 84 51 22 0
20 20 38 63.1 1 2 0 71 72 54 0
21 20 37 55.3 1 2 0 83 57 0
22 20 36 54 1 2 0 88 60 0
23 20 36 45.7 1 2 0 56 64 0
24 20 37 42 1 2 0 65 99 90 0
25 20 39 44 1 2 0 70 55 0
26 12 37 38.3 1 1 0 92 94 0
27 12 36 34.7 1 1 0 81 96 0
28 12 29 34.4 1 1 0 91 66 0
29 12 34 32.4 1 1 0 80 68 0
30 12 27 18.4 1 1 0 69 0

