Constructive Heuristics: SCIH2
Indexes: Best Known Combo
After constructive: Cross
Instance Time_SCIH2 Result_SCIH2 #Routes Time_Cross Cross Routes Qt.Improvements
R101a 0.003 2905.6 36 0.265 2856 36 7
R101b 0.003 855.3 32 0.17 844.5 32 3
R101c 0.003 595 27 0.176 581 27 3
R102a 0.006 2871.2 37 0.346 2830.9 37 9
R102b 0.004 836.8 30 0.167 819 30 3
R102c 0.005 602 26 0.331 577 26 6
R103a 0.008 2874.9 36 0.409 2790 36 10
R103b 0.008 809.8 29 0.361 786.2 29 7
R103c 0.009 571.2 27 0.286 557.2 27 5
R104a 0.011 2852.4 36 0.41 2824.2 36 8
R104b 0.013 781.2 28 0.109 780.2 28 1
R104c 0.011 529.3 24 0.161 525.3 24 2
R105a 0.004 2894.1 37 0.288 2842 37 8
R105b 0.004 818.4 30 0.121 808.4 30 2
R105c 0.005 568 28 0.296 554 28 6
R106a 0.007 2918.5 38 0.322 2857 38 8
R106b 0.008 807.8 30 0.175 804.8 30 3
R106c 0.007 560 25 0.283 543.3 25 5
R107a 0.009 2901 37 0.444 2826 37 10
R107b 0.01 807 29 0.235 792 29 4
R107c 0.01 540.1 25 0.307 531 25 5
R108a 0.01 2861.4 36 0.385 2804 36 7
R108b 0.014 779 28 0.11 772 28 1
R108c 0.013 533.3 24 0.213 528.3 24 3
R109a 0.007 2934.1 36 0.397 2847.1 36 10
R109b 0.007 811 30 0.262 793 30 5
R109c 0.007 550 25 0.311 531 25 6
R110a 0.009 2902.4 35 0.389 2822 35 9
R110b 0.008 798 30 0.217 783 30 4
R110c 0.008 544.5 26 0.285 524.5 26 5
R111a 0.01 2897.3 35 0.478 2828 35 10
R111b 0.009 804.2 28 0.144 795.2 28 2
R111c 0.008 553.4 24 0.148 542.4 24 2
R112a 0.011 2861.6 35 0.498 2793 35 10
R112b 0.013 795 29 0.208 779 29 3
R112c 0.013 542 26 0.276 521 26 4
R201a 0.026 3307.6 6 0.39 3238.6 6 4
R201b 0.025 1147.6 6 0.396 1078.6 6 4
R201c 0.022 749 12 0.083 749 12 0
R202a 0.056 2929.5 5 1.11 2773.8 5 13
R202b 0.054 1043.6 6 0.313 985 6 3
R202c 0.041 742 10 0.089 742 10 0
R203a 0.098 3189.6 6 0.239 3155 6 2
R203b 0.095 907 5 0.08 907 5 0
R203c 0.075 674 11 0.098 674 11 0
R204a 0.16 3143.6 5 0.49 2881.5 5 5
R204b 0.15 908 5 0.256 852 5 2
R204c 0.134 584 9 0.204 581 9 1
R205a 0.052 3491.4 5 1.091 2761 5 13
R205b 0.052 1016.1 5 0.482 934 5 5
R205c 0.036 701 11 0.083 701 11 0
R206a 0.082 3029.4 5 0.344 2759.5 5 3
R206b 0.081 967.5 5 0.34 903.5 5 3
R206c 0.052 630 10 0.101 630 10 0
R207a 0.135 2712.3 5 0.44 2653 5 4
R207b 0.132 912.3 5 0.457 853 5 4
R207c 0.083 645 11 0.199 644 11 1
R208a 0.19 2793 5 0.092 2793 5 0
R208b 0.202 793 5 0.09 793 5 0
R208c 0.171 536 8 0.097 536 8 0
R209a 0.089 2681.3 5 0.178 2653 5 1
R209b 0.076 881.3 5 0.166 853 5 1
R209c 0.092 606 7 0.085 606 7 0
R210a 0.068 2717.4 5 0.164 2707 5 1
R210b 0.075 917.4 5 0.173 907 5 1
R210c 0.052 670 9 0.091 670 9 0
R211a 0.102 2653 5 0.092 2653 5 0
R211b 0.11 853 5 0.087 853 5 0
R211c 0.085 583 9 0.18 582 9 1
C101a 0.005 6179 19 0.06 6179 19 0
C101b 0.004 1591 19 0.062 1591 19 0
C101c 0.004 1021 19 0.06 1021 19 0
C102a 0.006 6165 19 0.25 6141.3 19 3
C102b 0.006 1605 19 0.247 1581.3 19 3
C102c 0.006 992 19 0.071 992 19 0
C103a 0.009 6164 19 0.237 6136 19 2
C103b 0.009 1604 19 0.237 1576 19 2
C103c 0.009 1020 19 0.148 1006 19 1
C104a 0.012 6164 19 0.259 6149 19 2
C104b 0.012 1604 19 0.277 1589 19 2
C104c 0.012 1036 19 0.346 1006 19 3
C105a 0.005 6193 19 0.057 6193 19 0
C105b 0.005 1605 19 0.066 1605 19 0
C105c 0.005 1021 19 0.073 1021 19 0
C106a 0.006 6165 19 0.14 6150 19 1
C106b 0.008 1605 19 0.143 1590 19 1
C106c 0.006 1035 19 0.14 1020 19 1
C107a 0.006 6207 19 0.137 6179 19 1
C107b 0.007 1591 19 0.069 1591 19 0
C107c 0.006 1021 19 0.073 1021 19 0
C108a 0.007 6164 19 0.068 6164 19 0
C108b 0.007 1604 19 0.071 1604 19 0
C108c 0.007 1021 19 0.142 1006 19 1
C109a 0.01 6164 19 0.159 6150 19 1
C109b 0.008 1604 19 0.149 1590 19 1
C109c 0.009 1035 19 0.151 1021 19 1
C201a 0.021 5264 5 0.08 5264 5 0
C201b 0.021 1264 5 0.077 1264 5 0
C201c 0.02 834 6 0.081 834 6 0
C202a 0.051 5264 5 0.084 5264 5 0
C202b 0.054 1264 5 0.09 1264 5 0
C202c 0.051 834 6 0.079 834 6 0
C203a 0.08 5322 5 0.081 5322 5 0
C203b 0.075 1322 5 0.265 1293 5 2
C203c 0.08 822 5 0.265 793 5 2
C204a 0.127 5347 5 0.173 5318 5 1
C204b 0.128 1347 5 0.181 1318 5 1
C204c 0.133 906 5 0.321 862 5 3
C205a 0.032 5347 5 0.149 5318 5 1
C205b 0.029 1347 5 0.156 1318 5 1
C205c 0.03 888 6 0.072 888 6 0
C206a 0.044 5291 5 0.078 5291 5 0
C206b 0.051 1291 5 0.079 1291 5 0
C206c 0.046 834 6 0.082 834 6 0
C207a 0.053 5264 5 0.086 5264 5 0
C207b 0.049 1264 5 0.077 1264 5 0
C207c 0.052 834 6 0.078 834 6 0
C208a 0.072 5374 5 0.249 5318 5 2
C208b 0.07 1374 5 0.265 1318 5 2
C208c 0.07 863 5 0.16 835 5 1
RC101a 0.004 3383 45 0.291 3317 45 9
RC101b 0.003 1075.7 32 0.211 1037.8 32 5
RC101c 0.002 739.2 22 0.346 714.3 22 5
RC102a 0.006 3369 45 0.208 3325 45 6
RC102b 0.005 1059.2 32 0.153 1042 32 3
RC102c 0.004 705.9 22 0.228 691.4 22 3
RC103a 0.007 3337 45 0.148 3307 45 4
RC103b 0.007 1065.5 32 0.259 1039 32 5
RC103c 0.006 692.1 21 0.417 673.1 21 7
RC104a 0.009 3337 45 0.178 3307 45 4
RC104b 0.009 1064 31 0.291 1046 31 5
RC104c 0.007 667.8 18 0.131 665.8 18 1
RC105a 0.005 3345 45 0.115 3322 45 3
RC105b 0.004 1097 32 0.275 1051 32 6
RC105c 0.006 701.1 21 0.279 695.6 21 4
RC106a 0.005 3343.8 45 0.159 3308 45 4
RC106b 0.005 1046.4 31 0.137 1035 31 2
RC106c 0.004 734.1 19 0.217 716.6 19 3
RC107a 0.006 3346.7 45 0.161 3308 45 4
RC107b 0.007 1050.3 30 0.176 1030 30 3
RC107c 0.005 676.6 18 0.127 672.3 18 1
RC108a 0.008 3343.8 45 0.189 3308 45 4
RC108b 0.008 1056.4 29 0.215 1030 29 4
RC108c 0.01 639.6 18 0.337 626.8 18 4
RC201a 0.015 3170 18 0.068 3170 18 0
RC201b 0.014 880 21 0.071 880 21 0
RC201c 0.02 604 18 0.074 604 18 0
RC202a 0.022 3226 18 0.3 3146 18 3
RC202b 0.02 878 20 0.072 878 20 0
RC202c 0.023 574 16 0.071 574 16 0
RC203a 0.03 3172 18 0.393 3062 18 4
RC203b 0.03 852 20 0.081 852 20 0
RC203c 0.035 514 17 0.078 514 17 0
RC204a 0.038 3144 18 0.355 3062 18 3
RC204b 0.038 852 20 0.096 852 20 0
RC204c 0.07 531 20 0.101 531 20 0
RC205a 0.021 3116 18 0.147 3090 18 1
RC205b 0.019 878 20 0.079 878 20 0
RC205c 0.029 574 16 0.081 574 16 0
RC206a 0.022 3200 18 0.368 3115 18 4
RC206b 0.02 880 21 0.075 880 21 0
RC206c 0.028 534 17 0.077 534 17 0
RC207a 0.027 3170 18 0.226 3118 18 2
RC207b 0.027 876 19 0.078 876 19 0
RC207c 0.038 547 16 0.095 547 16 0
RC208a 0.039 3144 18 0.445 3062 18 4
RC208b 0.034 852 20 0.085 852 20 0
RC208c 0.047 492 16 0.088 492 16 0