Instance Name: R1a25
Qty_Routes: 14 Total_Distance: 872.3 Total_Cost: 838
List of ROUTES:
#  Cost Demand Distance k f Clients
1 64 29 72.2 1 3 0 23 0
2 64 29 72.6 1 3 0 11 19 0
3 71 25 107.4 1 4 0 9 24 25 0
4 71 30 113.6 1 4 0 14 15 17 0
5 64 24 82.1 1 3 0 7 20 1 0
6 58 22 58.4 1 2 0 16 6 0
7 58 29 54.9 1 2 0 21 22 0
8 64 25 77.9 1 3 0 8 10 0
9 58 26 63.2 1 2 0 2 4 0
10 58 13 44.8 1 2 0 3 0
11 58 26 41.2 1 2 0 5 0
12 50 12 31.6 1 1 0 18 0
13 50 19 30 1 1 0 12 0
14 50 23 22.4 1 1 0 13 0

