Instance Name: C101a
Qty_Routes: 19 Total_Distance: 1557.6 Total_Cost: 6166
List of ROUTES:
#  Cost Demand Distance k f Clients
1 343 100 127.1 1 4 0 76 71 70 73 77 79 80 0
2 329 100 91 1 3 0 57 54 53 0
3 343 100 112.1 1 4 0 81 78 84 85 0
4 329 100 95.8 1 3 0 55 56 58 60 59 0
5 329 100 88.3 1 3 0 32 35 38 36 34 0
6 329 100 88.3 1 3 0 95 93 97 0
7 329 100 96.5 1 3 0 98 96 94 92 100 99 1 0
8 329 100 84.2 1 3 0 15 16 12 0
9 329 100 97.3 1 3 0 13 17 18 19 14 26 0
10 329 100 94 1 3 0 33 31 37 39 0
11 329 100 96.6 1 3 0 90 87 86 83 82 89 91 69 0
12 329 100 97.7 1 3 0 9 88 4 2 75 0
13 315 100 50.3 1 2 0 63 62 72 61 66 0
14 315 100 55.3 1 2 0 42 40 44 46 45 48 47 0
15 315 100 67.3 1 2 0 67 65 74 64 68 49 0
16 315 100 69.6 1 2 0 20 24 25 29 51 50 52 0
17 315 100 51.5 1 2 0 5 3 7 8 10 11 6 0
18 315 100 68.7 1 2 0 43 41 27 30 28 22 21 0
19 300 10 26 1 1 0 23 0

