Instance Name: C101b
Qty_Routes: 19 Total_Distance: 1537.4 Total_Cost: 1591
List of ROUTES:
#  Cost Demand Distance k f Clients
1 103 100 124.3 1 4 0 78 76 70 73 77 79 80 0
2 103 100 122.9 1 4 0 81 71 82 84 89 0
3 89 100 95.8 1 3 0 55 56 58 60 59 0
4 89 100 91 1 3 0 57 54 53 0
5 89 100 92.6 1 3 0 96 95 94 92 97 0
6 89 100 92.3 1 3 0 98 93 100 99 1 0
7 89 100 99.5 1 3 0 35 37 38 39 36 52 0
8 89 100 90.6 1 3 0 18 19 16 14 12 0
9 89 100 80.9 1 3 0 13 17 15 9 0
10 89 100 87.6 1 3 0 32 31 27 29 30 26 23 0
11 89 100 95.5 1 3 0 20 33 34 22 47 0
12 75 90 68.6 1 2 0 90 87 86 83 88 91 0
13 89 100 93.2 1 3 0 5 85 4 2 75 0
14 75 100 58.4 1 2 0 40 44 46 45 48 51 50 49 0
15 75 100 55.6 1 2 0 67 65 62 72 61 64 68 66 69 0
16 60 100 39.7 1 1 0 63 74 0
17 75 90 51.5 1 2 0 3 7 8 10 11 6 0
18 75 80 65.3 1 2 0 43 42 41 28 21 0
19 60 50 32.1 1 1 0 24 25 0

