Instance Name: C102b
Qty_Routes: 19 Total_Distance: 1485.8 Total_Cost: 1581.2
List of ROUTES:
#  Cost Demand Distance k f Clients
1 103 100 118.1 1 4 0 81 78 70 73 79 0
2 107.2 100 134.2 1 5 0 85 82 76 71 77 80 0
3 89 100 99.5 1 3 0 53 56 58 60 0
4 89 100 88.3 1 3 0 95 93 97 0
5 89 100 96.8 1 3 0 96 94 92 100 99 2 0
6 89 100 90.9 1 3 0 33 35 37 39 36 0
7 89 100 89.6 1 3 0 32 31 38 34 0
8 89 100 83.5 1 3 0 57 55 54 59 0
9 89 100 90.5 1 3 0 19 15 16 14 0
10 89 100 91.8 1 3 0 13 17 18 12 9 0
11 75 100 68.1 1 2 0 91 87 86 84 88 89 0
12 75 100 60 1 2 0 40 44 46 45 48 51 50 52 0
13 75 100 53.6 1 2 0 74 72 61 64 68 69 0
14 89 100 96 1 3 0 90 83 98 1 75 3 7 0
15 75 80 50 1 2 0 8 10 11 6 4 5 0
16 75 100 46.3 1 2 0 21 25 29 30 28 0
17 60 100 39.8 1 1 0 67 65 63 62 66 0
18 75 60 49.2 1 2 0 43 42 41 49 47 0
19 60 70 39.6 1 1 0 20 24 27 26 23 22 0

