Instance Name: C102c
Qty_Routes: 19 Total_Distance: 1476.9 Total_Cost: 992
List of ROUTES:
#  Cost Demand Distance k f Clients
1 73 100 124.3 1 4 0 78 76 70 73 77 79 80 0
2 73 100 124.2 1 4 0 81 71 82 83 89 91 0
3 59 100 95.8 1 3 0 55 56 58 60 59 0
4 59 100 91 1 3 0 57 54 53 0
5 59 100 95.5 1 3 0 96 92 94 95 99 98 0
6 59 100 91.4 1 3 0 93 97 100 1 0
7 59 100 94.4 1 3 0 52 35 37 38 39 36 0
8 59 100 90.6 1 3 0 18 19 16 14 12 0
9 59 100 80.9 1 3 0 13 17 15 9 0
10 59 100 85.6 1 3 0 32 31 34 29 30 26 0
11 59 100 92 1 3 0 20 33 45 51 48 50 49 0
12 45 90 65.8 1 2 0 90 87 86 85 84 0
13 45 90 69.9 1 2 0 7 5 3 75 88 0
14 45 100 55.6 1 2 0 67 65 62 72 61 64 68 66 69 0
15 45 100 50.4 1 2 0 43 42 41 40 44 46 47 0
16 45 100 60.1 1 2 0 8 10 11 2 6 4 0
17 30 100 39.7 1 1 0 63 74 0
18 30 100 38.9 1 1 0 25 27 28 23 21 0
19 30 30 30.8 1 1 0 24 22 0

