Instance Name: C103a
Qty_Routes: 19 Total_Distance: 1517.6 Total_Cost: 6164
List of ROUTES:
#  Cost Demand Distance k f Clients
1 343 100 125.6 1 4 0 78 76 73 70 77 79 80 0
2 343 100 121.3 1 4 0 90 86 83 82 71 81 0
3 343 100 101.5 1 4 0 55 59 60 56 58 0
4 329 100 91.2 1 3 0 57 53 54 0
5 329 100 92.5 1 3 0 96 97 92 94 95 0
6 329 100 98.2 1 3 0 91 98 93 100 99 0
7 329 100 91.7 1 3 0 35 37 38 39 36 29 0
8 329 100 90.6 1 3 0 12 14 16 19 18 0
9 329 100 80.9 1 3 0 13 17 15 9 0
10 329 100 86.3 1 3 0 52 50 45 48 51 31 32 0
11 329 100 81.8 1 3 0 34 33 27 30 26 23 0
12 329 100 76.6 1 3 0 89 85 84 88 5 0
13 329 100 84.7 1 3 0 67 87 75 2 4 3 0
14 315 100 68 1 2 0 65 62 72 61 64 68 66 69 43 0
15 315 100 53.3 1 2 0 42 41 40 44 46 47 49 0
16 300 100 39.7 1 1 0 63 74 0
17 315 100 67.1 1 2 0 20 7 8 10 11 6 1 0
18 300 100 36.6 1 1 0 21 28 25 22 0
19 300 10 30 1 1 0 24 0

