Constructive Heuristics: SCIH2
Indexes: Best Known Combo
After constructive: Hybrid
Instance Time_SCIH2 Result_SCIH2 #Routes Time_Hybrid Result_Hybrid Routes Qt.Improvements
R101a 0.003 2905.6 36 2764 27 780.009 2764 36 27
R101b 0.003 855.3 32 796 16 780.006 796 32 16
R101c 0.003 595 27 535 24 780.013 535 27 24
R102a 0.006 2871.2 37 2719 27 780.009 2719 37 27
R102b 0.004 836.8 30 779 18 780.008 779 30 18
R102c 0.005 602 26 518 27 780.014 518 26 27
R103a 0.008 2874.9 36 2685 22 780.01 2685 36 22
R103b 0.008 809.8 29 751.2 16 780.005 751.2 29 16
R103c 0.008 571.2 27 491.2 30 780.011 491.2 27 30
R104a 0.01 2852.4 36 2699 27 780.018 2699 36 27
R104b 0.012 781.2 28 738 17 780.006 738 28 17
R104c 0.011 529.3 24 477 27 780.01 477 24 27
R105a 0.004 2894.1 37 2729.4 31 780.02 2729.4 30 31
R105b 0.005 818.4 30 762 18 780.015 762 30 18
R105c 0.005 568 28 500 28 780.011 500 28 28
R106a 0.007 2918.5 38 2695 36 780.013 2695 31 36
R106b 0.007 807.8 30 762.4 17 780.007 762.4 30 17
R106c 0.006 560 25 492 26 780.007 492 25 26
R107a 0.009 2901 37 2706 34 780.009 2706 33 34
R107b 0.01 807 29 737 24 780.011 737 29 24
R107c 0.009 540.1 25 482 28 780.014 482 25 28
R108a 0.011 2861.4 36 2699 29 780.017 2699 31 29
R108b 0.013 779 28 729 17 780.01 729 28 17
R108c 0.013 533.3 24 471 27 780.015 471 24 27
R109a 0.006 2934.1 36 2747 37 780.01 2747 35 37
R109b 0.006 811 30 744 25 780.01 744 30 25
R109c 0.007 550 25 491 26 780.009 491 25 26
R110a 0.009 2902.4 35 2677.5 40 780.013 2677.5 33 40
R110b 0.009 798 30 741 12 780.011 741 30 12
R110c 0.008 544.5 26 485 23 780.009 485 26 23
R111a 0.008 2897.3 35 2687 36 780.006 2687 33 36
R111b 0.009 804.2 28 740 21 780.008 740 26 21
R111c 0.009 553.4 24 481.6 26 780.012 481.6 24 26
R112a 0.012 2861.6 35 2708 25 780.01 2708 30 25
R112b 0.013 795 29 731 23 780.008 731 29 23
R112c 0.012 542 26 479 21 780.016 479 26 21
R201a 0.026 3307.6 6 2734 10 780.018 2734 6 10
R201b 0.026 1147.6 6 934 10 780.017 934 6 10
R201c 0.022 749 12 733 2 780.01 733 12 2
R202a 0.055 2929.5 5 2678 13 780.01 2678 5 13
R202b 0.055 1043.6 6 880 3 780.011 880 6 3
R202c 0.042 742 10 660 12 780.012 660 10 12
R203a 0.095 3189.6 6 2651 20 780.014 2651 5 20
R203b 0.094 907 5 853 2 780.014 853 5 2
R203c 0.074 674 11 625 4 780.012 625 11 4
R204a 0.156 3143.6 5 2568 10 780.005 2568 5 10
R204b 0.159 908 5 797 4 780.009 797 5 4
R204c 0.139 584 9 534 6 780.008 534 9 6
R205a 0.051 3491.4 5 2680 21 780.01 2680 5 21
R205b 0.052 1016.1 5 851 18 780.009 851 5 18
R205c 0.036 701 11 622 8 780.008 622 11 8
R206a 0.082 3029.4 5 2653 12 780.008 2653 5 12
R206b 0.083 967.5 5 797 3 780.009 797 5 3
R206c 0.049 630 10 596 3 780.009 596 10 3
R207a 0.128 2712.3 5 2624 3 780.012 2624 5 3
R207b 0.134 912.3 5 797 6 780.017 797 5 6
R207c 0.08 645 11 535 10 780.015 535 11 10
R208a 0.194 2793 5 2570 12 780.007 2570 5 12
R208b 0.199 793 5 743 2 780.014 743 5 2
R208c 0.165 536 8 505 4 780.013 505 8 4
R209a 0.08 2681.3 5 2599 4 780.011 2599 5 4
R209b 0.079 881.3 5 797 4 780.012 797 5 4
R209c 0.081 606 7 563 3 780.011 563 7 3
R210a 0.077 2717.4 5 2624 4 780.007 2624 5 4
R210b 0.086 917.4 5 797 5 780.015 797 5 5
R210c 0.052 670 9 615 5 780.009 615 9 5
R211a 0.096 2653 5 2597 4 780.005 2597 5 4
R211b 0.096 853 5 770 5 780.014 770 5 5
R211c 0.085 583 9 567 2 780.009 567 9 2
C101a 0.004 6179 19 6136 9 780.015 6136 19 9
C101b 0.004 1591 19 1576 2 780.016 1576 19 2
C101c 0.004 1021 19 992 4 780.015 992 19 4
C102a 0.006 6165 19 6136 3 780.012 6136 19 3
C102b 0.006 1605 19 1576 7 780.007 1576 19 7
C102c 0.006 992 19 992 0 780.011 992 19 0
C103a 0.009 6164 19 6122 4 780.006 6122 19 4
C103b 0.011 1604 19 1576 3 780.01 1576 19 3
C103c 0.009 1020 19 997.8 4 780.018 997.8 19 4
C104a 0.012 6164 19 6121 4 780.01 6121 19 4
C104b 0.012 1604 19 1561 4 780.008 1561 19 4
C104c 0.011 1036 19 985 6 780.018 985 19 6
C105a 0.005 6193 19 6136 6 780.015 6136 19 6
C105b 0.006 1605 19 1576 4 780.008 1576 19 4
C105c 0.005 1021 19 1000 4 780.006 1000 19 4
C106a 0.005 6165 19 6136 3 780.013 6136 19 3
C106b 0.005 1605 19 1576 3 780.017 1576 19 3
C106c 0.005 1035 19 992 5 780.01 992 19 5
C107a 0.006 6207 19 6136 9 780.006 6136 19 9
C107b 0.007 1591 19 1576 2 780.011 1576 19 2
C107c 0.006 1021 19 993 4 780.014 993 19 4
C108a 0.006 6164 19 6136 2 780.008 6136 19 2
C108b 0.007 1604 19 1562 5 780.019 1562 19 5
C108c 0.006 1021 19 999 2 780.01 999 19 2
C109a 0.008 6164 19 6136 2 780.012 6136 19 2
C109b 0.008 1604 19 1562 6 780.01 1562 19 6
C109c 0.008 1035 19 993 6 780.021 993 19 6
C201a 0.02 5264 5 5208 3 780.014 5208 5 3
C201b 0.021 1264 5 1179 4 780.006 1179 5 4
C201c 0.021 834 6 708 4 780.015 708 6 4
C202a 0.05 5264 5 5208 3 780.012 5208 5 3
C202b 0.051 1264 5 1208 3 780.012 1208 5 3
C202c 0.051 834 6 708 4 780.011 708 6 4
C203a 0.076 5322 5 5237 5 780.011 5237 5 5
C203b 0.076 1322 5 1237 5 780.012 1237 5 5
C203c 0.075 822 5 735 5 780.015 735 5 5
C204a 0.119 5347 5 5235 6 780.014 5235 5 6
C204b 0.119 1347 5 1237 3 780.008 1237 5 3
C204c 0.132 906 5 789 6 780.014 789 5 6
C205a 0.031 5347 5 5235 7 780.015 5235 5 7
C205b 0.031 1347 5 1236 3 780.008 1236 5 3
C205c 0.031 888 6 735 8 780.013 735 6 8
C206a 0.046 5291 5 5237 2 780.008 5237 5 2
C206b 0.046 1291 5 1237 2 780.017 1237 5 2
C206c 0.046 834 6 737 4 780.016 737 6 4
C207a 0.053 5264 5 5237 1 780.011 5237 5 1
C207b 0.052 1264 5 1237 1 780.014 1237 5 1
C207c 0.053 834 6 737 2 780.01 737 6 2
C208a 0.065 5374 5 5208 6 780.016 5208 5 6
C208b 0.067 1374 5 1237 4 780.011 1237 5 4
C208c 0.065 863 5 708 8 780.017 708 5 8
RC101a 0.004 3383 45 3271 13 780.011 3271 44 13
RC101b 0.003 1075.7 32 1008.8 16 780.006 1008.8 30 16
RC101c 0.003 739.2 22 676.8 16 780.012 676.8 22 16
RC102a 0.005 3369 45 3249 17 780.013 3249 44 17
RC102b 0.004 1059.2 32 986 21 780.014 986 32 21
RC102c 0.004 705.9 22 648.9 13 780.008 648.9 22 13
RC103a 0.006 3337 45 3234 20 780.014 3234 44 20
RC103b 0.006 1065.5 32 986 24 780.013 986 30 24
RC103c 0.005 692.1 21 627 16 780.008 627 21 16
RC104a 0.008 3337 45 3264 12 780.009 3264 44 12
RC104b 0.008 1064 31 961 25 780.016 961 30 25
RC104c 0.007 667.8 18 608 15 780.015 608 18 15
RC105a 0.005 3345 45 3278 13 780.015 3278 44 13
RC105b 0.004 1097 32 1004 18 780.01 1004 30 18
RC105c 0.004 701.1 21 656 19 780.007 656 21 19
RC106a 0.005 3343.8 45 3257 15 780.007 3257 44 15
RC106b 0.005 1046.4 31 981.2 17 780.014 981.2 31 17
RC106c 0.004 734.1 19 638.4 19 780.015 638.4 19 19
RC107a 0.006 3346.7 45 3264 12 780.012 3264 44 12
RC107b 0.006 1050.3 30 977 21 780.013 977 31 21
RC107c 0.006 676.6 18 628 12 780.012 628 18 12
RC108a 0.008 3343.8 45 3248 7 780.015 3248 44 7
RC108b 0.008 1056.4 29 935 32 780.013 935 30 32
RC108c 0.007 639.6 18 587.6 19 780.015 587.6 18 19
RC201a 0.015 3170 18 3062 8 780.005 3062 18 8
RC201b 0.014 880 21 878 1 780.009 878 21 1
RC201c 0.017 604 18 558 5 780.009 558 18 5
RC202a 0.022 3226 18 3036 9 780.017 3036 18 9
RC202b 0.021 878 20 876 1 780.009 876 20 1
RC202c 0.025 574 16 542 4 780.013 542 16 4
RC203a 0.03 3172 18 3036 8 780.015 3036 18 8
RC203b 0.028 852 20 822 3 780.008 822 20 3
RC203c 0.033 514 17 508 1 780.008 508 17 1
RC204a 0.038 3144 18 3034 7 780.007 3034 18 7
RC204b 0.036 852 20 814 4 780.012 814 20 4
RC204c 0.067 531 20 514 2 780.013 514 20 2
RC205a 0.019 3116 18 3008 5 780.011 3008 18 5
RC205b 0.019 878 20 850 2 780.013 850 20 2
RC205c 0.026 574 16 563 2 780.013 563 16 2
RC206a 0.022 3200 18 3062 11 780.019 3062 18 11
RC206b 0.02 880 21 850 3 780.015 850 21 3
RC206c 0.026 534 17 519 1 780.011 519 17 1
RC207a 0.028 3170 18 3062 6 780.009 3062 18 6
RC207b 0.027 876 19 816 3 780.011 816 19 3
RC207c 0.037 547 16 527 2 780.011 527 16 2
RC208a 0.034 3144 18 3062 4 780.012 3062 18 4
RC208b 0.032 852 20 796 5 780.016 796 20 5
RC208c 0.048 492 16 492 0 780.005 492 16 0