Instance Name: RC103b
Qty_Routes: 30 Total_Distance: 2392.3 Total_Cost: 1039
List of ROUTES:
#  Cost Demand Distance k f Clients
1 54 80 126.2 2 4 0 32 28 27 26 29 0
2 54 77 129.8 2 4 0 59 97 75 77 0
3 54 70 118.6 2 4 0 34 31 33 30 0
4 54 77 127.9 2 4 0 23 21 48 89 85 0
5 47 80 94.3 2 3 0 43 36 35 0
6 54 80 125.4 2 4 0 62 63 76 18 25 0
7 47 80 84 2 3 0 6 4 5 0
8 47 80 90.2 2 3 0 42 40 38 37 0
9 47 80 91.5 2 3 0 14 47 16 15 17 0
10 54 78 123.5 2 4 0 19 24 74 58 0
11 47 80 90.9 2 3 0 1 3 45 46 8 7 0
12 47 70 96.8 2 3 0 53 78 73 2 100 0
13 47 66 92.7 2 3 0 99 86 87 13 0
14 28 39 71.2 1 3 0 67 50 0
15 28 39 78.2 1 3 0 98 79 0
16 28 40 79.9 1 3 0 39 44 41 0
17 47 80 76.3 2 3 0 12 11 9 0
18 28 40 89.9 1 3 0 84 51 93 0
19 20 38 63.1 1 2 0 71 72 54 0
20 47 77 89.8 2 3 0 52 20 49 22 83 0
21 20 40 63.3 1 2 0 64 57 0
22 20 36 54 1 2 0 88 60 0
23 20 38 52.9 1 2 0 61 70 90 0
24 12 36 34.7 1 1 0 81 96 0
25 20 39 45.8 1 2 0 92 95 56 0
26 20 39 63.7 1 2 0 10 82 0
27 12 32 30.9 1 1 0 65 66 0
28 12 37 34.1 1 1 0 68 55 0
29 12 36 39.1 1 1 0 91 94 0
30 12 40 33.6 1 1 0 69 80 0

