Instance Name: R208c
Qty_Routes: 8 Total_Distance: 936.3 Total_Cost: 536
List of ROUTES:
#  Cost Demand Distance k f Clients
1 131 300 230.6 1 4 0 50 33 81 78 34 35 71 65 66 20 32 90 63 64 49 36 46 19 11 10 88 7 27 0
2 75 272 139.8 1 2 0 40 73 72 41 22 75 56 23 67 39 25 55 24 29 68 80 12 28 0
3 75 273 139.4 1 2 0 97 42 57 15 43 14 44 38 86 16 61 91 100 37 98 85 93 96 6 0
4 75 263 138.8 1 2 0 89 18 82 62 48 47 8 45 17 84 5 83 60 59 99 94 0
5 45 108 80 1 1 0 69 70 30 51 9 79 3 77 0
6 45 98 79.5 1 1 0 58 2 21 74 4 54 26 0
7 45 107 79 1 1 0 52 31 95 92 87 13 0
8 45 37 49.2 1 1 0 53 1 76 0

