Instance Name: RC101a
Qty_Routes: 44 Total_Distance: 3635.6 Total_Cost: 3285
List of ROUTES:
#  Cost Demand Distance k f Clients
1 83 40 127.1 1 4 0 33 27 28 0
2 83 40 117.6 1 4 0 26 32 0
3 83 39 115.4 1 4 0 52 75 58 0
4 83 39 122.2 1 4 0 63 30 31 93 0
5 83 40 129.5 1 4 0 73 97 0
6 83 37 120.1 1 4 0 21 18 77 0
7 83 40 129.8 1 4 0 62 85 89 48 0
8 83 40 104.6 1 4 0 29 34 0
9 76 40 94.3 1 3 0 43 35 0
10 76 40 92.8 1 3 0 20 25 24 0
11 76 40 91.9 1 3 0 59 87 74 0
12 76 40 81.4 1 3 0 38 37 0
13 76 40 86 1 3 0 36 0
14 83 40 127.3 1 4 0 95 76 100 0
15 76 40 91.2 1 3 0 23 49 0
16 76 40 83.8 1 3 0 5 6 0
17 76 40 80.9 1 3 0 42 40 0
18 76 40 85 1 3 0 15 17 0
19 76 40 91.9 1 3 0 45 8 46 3 0
20 76 40 85 1 3 0 14 47 16 0
21 76 40 80 1 3 0 19 0
22 76 40 87.6 1 3 0 7 1 0
23 83 40 109.6 1 4 0 79 13 0
24 76 40 79.9 1 3 0 39 44 41 0
25 68 40 67 1 2 0 11 0
26 76 39 71.2 1 3 0 67 50 0
27 76 40 72.2 1 3 0 4 0
28 68 37 69.7 1 2 0 51 84 0
29 76 40 76.1 1 3 0 12 9 0
30 83 40 119 1 4 0 72 53 78 0
31 76 40 70 1 3 0 22 0
32 68 37 66.9 1 2 0 82 86 0
33 68 38 58.2 1 2 0 99 57 0
34 68 40 66.1 1 2 0 71 81 54 0
35 68 39 65.7 1 2 0 98 10 0
36 68 37 50.3 1 2 0 83 64 90 0
37 76 39 71.7 1 3 0 2 61 0
38 60 37 38.3 1 1 0 92 94 0
39 68 36 54 1 2 0 88 60 0
40 68 39 40.9 1 2 0 96 91 0
41 60 32 30.9 1 1 0 65 66 0
42 68 39 44 1 2 0 55 70 0
43 60 40 33.6 1 1 0 69 80 0
44 68 40 54.9 1 2 0 56 68 0

