Instance Name: R106a
Qty_Routes: 31 Total_Distance: 2384.4 Total_Cost: 2827.2
List of ROUTES:
#  Cost Demand Distance k f Clients
1 103 50 113 2 4 0 19 49 46 17 0
2 96 50 89.7 2 3 0 92 91 16 38 97 0
3 103 49 118.8 2 4 0 67 55 4 24 0
4 103 48 123.9 2 4 0 83 36 64 32 0
5 103 50 102.2 2 4 0 23 22 60 0
6 103 48 115.5 2 4 0 65 71 35 70 0
7 96 46 89.6 2 3 0 45 47 6 0
8 103.2 49 130.2 2 5 0 82 63 90 34 80 0
9 103 49 110.6 2 4 0 42 15 41 57 43 100 0
10 96 48 70.9 2 3 0 61 86 0
11 96 47 70.3 2 3 0 62 11 10 0
12 103 48 102.9 2 4 0 33 29 78 9 20 0
13 103 49 117.5 2 4 0 69 7 66 3 0
14 96 49 83.5 2 3 0 14 84 93 0
15 88 45 63.5 2 2 0 8 48 0
16 88 45 65.2 2 2 0 37 44 98 99 0
17 88 50 63.7 2 2 0 40 73 75 56 74 0
18 88 47 69.3 2 2 0 30 81 0
19 88 50 58 2 2 0 52 85 0
20 96 49 75.7 2 3 0 54 25 72 0
21 88 50 46.1 2 2 0 68 77 0
22 96 50 96 2 3 0 2 79 51 1 0
23 88 50 50.5 2 2 0 88 31 53 0
24 88 48 68.6 2 2 0 26 39 0
25 80 48 36.7 2 1 0 95 59 0
26 88 44 62.6 2 2 0 28 89 50 0
27 88 49 49.9 2 2 0 96 5 18 0
28 88 48 41.2 2 2 0 27 76 12 0
29 80 49 36.9 2 1 0 87 13 0
30 50 29 37.9 1 1 0 58 21 0
31 50 27 24 1 1 0 94 0

