Instance Name: RC104b
Qty_Routes: 30 Total_Distance: 2326.8 Total_Cost: 1040.8
List of ROUTES:
#  Cost Demand Distance k f Clients
1 54 80 121.1 2 4 0 32 30 28 26 27 0
2 54 70 115.1 2 4 0 34 31 29 33 0
3 57 78 133 2 5 0 97 75 58 77 0
4 47 80 97.4 2 3 0 49 48 21 23 25 0
5 60.8 79 136.8 2 5 0 62 85 63 89 19 52 0
6 47 68 89 2 3 0 87 59 74 86 0
7 54 79 126 2 4 0 93 95 51 76 18 0
8 47 80 86.7 2 3 0 14 47 17 16 15 0
9 47 80 94.3 2 3 0 43 36 35 0
10 47 80 85.6 2 3 0 1 3 46 4 0
11 47 80 97.9 2 3 0 53 78 73 7 6 100 0
12 54 70 101.3 2 4 0 79 8 5 45 0
13 47 80 87.2 2 3 0 42 40 37 38 0
14 28 40 76.9 1 3 0 44 39 41 0
15 28 39 71.2 1 3 0 67 50 0
16 47 80 76.3 2 3 0 12 11 9 0
17 47 77 75 2 3 0 64 20 22 24 0
18 28 40 76.8 1 3 0 10 13 0
19 20 38 63.1 1 2 0 71 72 54 0
20 20 39 68.2 1 2 0 98 2 0
21 20 38 58.2 1 2 0 99 57 0
22 20 39 50.6 1 2 0 66 83 82 0
23 20 37 54.2 1 2 0 84 56 0
24 20 36 54 1 2 0 88 60 0
25 12 36 34.7 1 1 0 81 96 0
26 20 38 52.9 1 2 0 61 70 90 0
27 12 37 38.3 1 1 0 92 94 0
28 12 40 33.6 1 1 0 80 69 0
29 12 37 34.1 1 1 0 55 68 0
30 12 29 37.3 1 1 0 91 65 0

