Instance Name: R207a
Qty_Routes: 5 Total_Distance: 1216 Total_Cost: 2712.3
List of ROUTES:
#  Cost Demand Distance k f Clients
1 568.3 300 325.3 1 6 0 28 69 50 33 81 34 71 65 64 9 79 3 24 29 78 35 66 32 63 90 20 51 70 1 0
2 509 300 155.4 1 3 0 95 92 37 98 85 91 14 44 16 61 45 46 47 36 49 19 48 82 0
3 536 300 252.1 1 4 0 26 12 54 39 67 23 56 75 22 41 43 17 57 74 25 55 4 72 73 21 58 0
4 536 298 206.8 1 4 0 94 97 42 15 38 86 84 8 7 88 18 83 60 5 99 6 100 93 59 96 13 0
5 563 260 276.4 1 5 0 27 89 52 76 30 11 62 40 53 10 31 87 2 77 68 80 0

