Instance Name: C104c
Qty_Routes: 19 Total_Distance: 1554 Total_Cost: 1036
List of ROUTES:
#  Cost Demand Distance k f Clients
1 73 100 123.3 1 4 0 77 79 73 70 71 78 0
2 73 100 127.7 1 4 0 80 76 81 82 83 86 89 0
3 59 100 99.5 1 3 0 55 59 60 58 56 0
4 59 100 91.2 1 3 0 57 53 54 0
5 59 100 92.5 1 3 0 96 97 92 94 95 0
6 59 100 98.2 1 3 0 91 98 93 100 99 0
7 59 100 91.7 1 3 0 35 37 38 39 36 29 0
8 59 100 90.6 1 3 0 12 14 16 19 18 0
9 59 100 88.7 1 3 0 27 30 17 15 11 9 0
10 59 100 86.3 1 3 0 52 50 45 48 51 31 32 0
11 59 100 72.6 1 3 0 20 22 24 34 33 0
12 45 80 65.2 1 2 0 90 87 85 84 0
13 45 80 69.7 1 2 0 13 10 7 3 5 0
14 59 100 76 1 3 0 1 2 4 75 88 0
15 45 100 55.9 1 2 0 67 65 66 62 72 61 64 68 69 0
16 45 100 66.7 1 2 0 43 41 40 44 46 49 47 23 0
17 30 100 39.7 1 1 0 63 74 0
18 45 90 59.8 1 2 0 42 25 26 21 0
19 45 60 58.7 1 2 0 28 8 6 0

