Instance Name: R107a
Qty_Routes: 33 Total_Distance: 2548.2 Total_Cost: 2895.7
List of ROUTES:
#  Cost Demand Distance k f Clients
1 111.8 48 138.8 2 5 0 46 36 64 49 90 0
2 103 49 102.2 2 4 0 57 38 16 84 0
3 103 48 113.8 2 4 0 24 78 34 35 71 70 0
4 103 47 109.3 2 4 0 7 19 66 0
5 116.9 50 143.9 2 5 0 20 65 63 83 0
6 96 50 77.9 2 3 0 61 86 17 0
7 103 48 120 2 4 0 92 75 43 14 91 0
8 103 48 125.5 2 4 0 60 67 55 54 0
9 88 50 68.4 2 2 0 39 4 0
10 96 47 75.6 2 3 0 82 11 62 0
11 103 46 126.5 2 4 0 52 9 29 25 80 0
12 96 46 98.2 2 3 0 6 10 47 0
13 96 47 74.2 2 3 0 23 22 0
14 96 49 85.6 2 3 0 73 44 93 0
15 96 50 96.8 2 3 0 98 37 42 15 41 56 74 0
16 103 48 105.7 2 4 0 45 8 32 0
17 88 49 59.5 2 2 0 79 81 0
18 88 36 55.6 2 2 0 48 0
19 96 50 71.4 2 3 0 69 30 51 3 0
20 88 50 68 2 2 0 2 100 5 0
21 88 47 59.5 2 2 0 33 68 0
22 88 48 60.7 2 2 0 89 77 12 0
23 80 49 36.9 2 1 0 87 13 0
24 88 41 46 2 2 0 85 0
25 50 27 35 1 1 0 31 0
26 88 50 65.2 2 2 0 94 88 53 0
27 80 48 36.7 2 1 0 95 59 0
28 88 48 62.3 2 2 0 21 72 97 0
29 50 29 35 1 1 0 28 50 0
30 50 30 39.5 1 1 0 26 76 0
31 58 28 47.8 1 2 0 1 58 0
32 64 29 70.9 1 3 0 99 40 96 0
33 50 28 35.8 1 1 0 18 27 0

