Instance Name: RC208a
Qty_Routes: 18 Total_Distance: 1818.1 Total_Cost: 3088
List of ROUTES:
#  Cost Demand Distance k f Clients
1 204 100 165.8 1 3 0 59 75 58 77 25 48 63 85 0
2 178 100 121.3 1 2 0 30 28 26 27 29 31 0
3 204 99 160.5 1 3 0 24 21 76 89 33 32 62 0
4 178 100 96.5 1 2 0 20 19 18 23 0
5 178 99 113.6 1 2 0 52 86 87 97 13 14 0
6 178 100 91.5 1 2 0 37 35 36 40 0
7 178 100 86.6 1 2 0 1 3 5 46 4 0
8 178 100 124.9 1 2 0 78 73 17 16 15 74 0
9 178 100 131.1 1 2 0 9 12 47 79 8 45 0
10 178 98 97.5 1 2 0 57 22 49 51 95 0
11 178 100 84.8 1 2 0 42 44 43 39 38 41 0
12 178 98 135.5 1 2 0 72 93 34 50 67 84 0
13 150 96 78 1 1 0 70 2 6 7 100 0
14 150 99 77.3 1 1 0 82 99 10 11 53 0
15 150 98 76.7 1 1 0 54 71 94 96 91 90 0
16 150 97 74.9 1 1 0 61 55 88 60 98 69 0
17 150 96 63.6 1 1 0 65 66 83 64 56 92 0
18 150 44 38 1 1 0 68 81 80 0

