Instance Name: C208a
Qty_Routes: 5 Total_Distance: 891.5 Total_Cost: 5295
List of ROUTES:
#  Cost Demand Distance k f Clients
1 1059 400 193.6 1 3 0 67 63 61 66 69 72 74 86 83 82 85 76 71 70 73 80 79 81 78 77 87 96 0
2 1059 400 150.7 1 3 0 93 68 64 65 49 55 54 53 56 58 60 59 57 40 44 46 45 52 42 41 43 48 0
3 1059 400 192.4 1 3 0 5 75 2 1 99 94 92 97 100 95 98 7 3 4 89 88 84 91 90 10 11 9 8 21 0
4 1059 400 167.2 1 3 0 20 24 27 29 6 31 35 32 33 36 39 38 37 34 28 16 15 25 0
5 1059 210 187.6 1 3 0 62 22 30 26 23 18 19 14 12 17 13 51 50 47 0

