Instance Name: C105b
Qty_Routes: 19 Total_Distance: 1535.4 Total_Cost: 1591.8
List of ROUTES:
#  Cost Demand Distance k f Clients
1 103 100 119.3 1 4 0 81 78 76 71 73 79 0
2 89 100 91 1 3 0 57 54 53 0
3 89 100 95.8 1 3 0 55 56 58 60 59 0
4 104.8 100 131.8 1 5 0 87 86 82 70 77 80 0
5 89 100 88.3 1 3 0 95 93 97 0
6 89 100 96.8 1 3 0 96 94 92 100 99 2 0
7 89 100 90.5 1 3 0 19 15 16 14 0
8 89 100 94 1 3 0 13 17 18 12 4 0
9 89 100 84 1 3 0 33 37 38 36 0
10 89 100 91.2 1 3 0 32 31 35 46 45 0
11 89 100 80.6 1 3 0 98 85 88 89 91 0
12 89 100 88.3 1 3 0 25 29 30 39 34 0
13 89 100 96.5 1 3 0 90 83 84 9 6 1 75 0
14 75 100 60.9 1 2 0 42 41 40 44 48 51 50 52 49 0
15 75 100 53.6 1 2 0 74 72 61 64 68 69 0
16 60 100 39.2 1 1 0 20 24 27 28 26 22 21 0
17 75 90 56.2 1 2 0 5 3 7 8 10 11 23 0
18 60 100 39.8 1 1 0 67 65 63 62 66 0
19 60 20 37.6 1 1 0 43 47 0

