Instance Name: R205a
Qty_Routes: 5 Total_Distance: 1598.5 Total_Cost: 2860.1
List of ROUTES:
#  Cost Demand Distance k f Clients
1 585.3 300 342.3 1 6 0 92 45 36 64 11 62 31 63 65 9 81 30 85 86 38 43 100 91 0
2 563 300 318.9 1 5 0 98 16 83 19 47 82 49 90 32 66 35 68 50 20 48 17 89 0
3 563 300 274.5 1 5 0 72 39 23 95 5 59 94 87 44 61 46 8 93 13 55 0
4 584.8 299 341.8 1 6 0 14 42 15 21 73 75 67 12 76 29 51 71 34 78 79 3 24 54 25 4 56 74 80 58 0
5 564 259 321 1 6 0 2 27 28 33 69 88 7 52 18 84 99 6 53 40 26 22 41 57 97 37 96 60 10 70 1 77 0

