Instance Name: R211a
Qty_Routes: 5 Total_Distance: 1111.9 Total_Cost: 2624
List of ROUTES:
#  Cost Demand Distance k f Clients
1 536 300 233.7 1 4 0 27 52 7 82 46 11 64 19 48 47 36 49 62 88 10 90 32 66 20 50 0
2 509 300 198.3 1 3 0 28 72 75 39 67 12 76 3 79 33 81 9 35 65 30 70 1 0
3 480 299 128.1 1 2 0 6 94 92 85 100 44 38 86 16 61 93 59 95 91 13 53 0
4 536 300 250.1 1 4 0 5 83 18 31 63 69 51 71 34 78 24 77 68 80 26 40 87 97 37 99 96 89 0
5 563 259 301.7 1 5 0 29 21 73 23 22 41 2 57 15 42 43 14 98 84 17 45 8 60 58 74 56 4 25 55 54 0

