Instance Name: C104b
Qty_Routes: 19 Total_Distance: 1548 Total_Cost: 1604
List of ROUTES:
#  Cost Demand Distance k f Clients
1 103 100 123.3 1 4 0 77 79 73 70 71 78 0
2 103 100 127.7 1 4 0 80 76 81 82 83 86 89 0
3 89 100 99.5 1 3 0 55 59 60 58 56 0
4 89 100 91.2 1 3 0 57 53 54 0
5 89 100 92.5 1 3 0 96 97 92 94 95 0
6 89 100 98.2 1 3 0 91 98 93 100 99 0
7 89 100 91.7 1 3 0 35 37 38 39 36 29 0
8 89 100 90.6 1 3 0 12 14 16 19 18 0
9 89 100 88.7 1 3 0 27 30 17 15 11 9 0
10 89 100 86.3 1 3 0 52 50 45 48 51 31 32 0
11 89 100 72.6 1 3 0 20 22 24 34 33 0
12 89 100 91 1 3 0 90 87 85 84 72 65 0
13 89 100 78.1 1 3 0 13 10 7 1 4 3 5 0
14 89 100 74.7 1 3 0 8 6 2 88 0
15 75 100 69.4 1 2 0 67 66 62 61 64 68 41 40 69 0
16 75 100 63.3 1 2 0 43 42 44 46 49 47 23 0
17 60 100 39.7 1 1 0 63 74 0
18 60 90 37.9 1 1 0 21 25 26 28 0
19 60 20 31.6 1 1 0 75 0

