Instance Name: C202c
Qty_Routes: 6 Total_Distance: 879.9 Total_Cost: 834
List of ROUTES:
#  Cost Demand Distance k f Clients
1 159 400 193.7 1 3 0 5 75 1 7 3 4 89 91 88 84 86 83 82 85 76 71 70 73 80 79 81 78 77 87 96 0
2 130 400 133.8 1 2 0 67 66 69 68 65 49 55 54 53 56 58 60 59 57 40 44 46 45 51 50 47 43 42 41 48 0
3 186 400 235.2 1 4 0 21 93 2 99 100 97 94 92 95 98 12 16 14 13 9 11 10 8 90 72 0
4 159 390 191.5 1 3 0 20 22 24 27 30 29 6 32 33 31 35 37 38 39 36 28 26 23 18 19 17 34 52 0
5 100 80 74.3 1 1 0 15 25 0
6 100 140 51.4 1 1 0 63 62 74 61 64 0

