Instance Name: RC108b
Qty_Routes: 30 Total_Distance: 2322.9 Total_Cost: 1022.1
List of ROUTES:
#  Cost Demand Distance k f Clients
1 54 80 125.3 2 4 0 29 27 26 28 33 0
2 61.1 80 137.1 2 5 0 25 21 18 89 85 62 0
3 54 77 129.8 2 4 0 59 97 75 77 0
4 54 70 107.5 2 4 0 32 30 31 34 0
5 54 78 119.9 2 4 0 74 58 23 48 20 0
6 47 80 86.7 2 3 0 14 47 17 16 15 0
7 47 80 86.6 2 3 0 38 36 37 0
8 54 80 120.8 2 4 0 93 63 76 19 0
9 47 80 94.7 2 3 0 42 43 40 35 0
10 47 80 91.7 2 3 0 1 3 5 45 8 46 0
11 47 79 89.5 2 3 0 51 49 22 24 0
12 28 40 76.9 1 3 0 44 39 41 0
13 47 70 93.7 2 3 0 53 78 73 79 100 0
14 28 39 71.2 1 3 0 67 50 0
15 47 78 90.6 2 3 0 99 87 13 11 0
16 47 80 79.5 2 3 0 4 7 6 0
17 47 70 76.3 2 3 0 9 10 12 0
18 20 39 68.2 1 2 0 98 2 0
19 20 38 63.1 1 2 0 71 72 54 0
20 20 40 66.9 1 2 0 82 86 52 0
21 20 38 68 1 2 0 95 84 83 0
22 20 38 52.9 1 2 0 61 70 90 0
23 20 36 54 1 2 0 88 60 0
24 20 40 63.3 1 2 0 64 57 0
25 12 37 38.3 1 1 0 92 94 0
26 12 37 34.1 1 1 0 68 55 0
27 12 36 34.7 1 1 0 81 96 0
28 12 32 37.1 1 1 0 56 91 0
29 12 32 30.9 1 1 0 65 66 0
30 12 40 33.6 1 1 0 69 80 0

