Instance Name: R102c
Qty_Routes: 26 Total_Distance: 1994.8 Total_Cost: 602
List of ROUTES:
#  Cost Demand Distance k f Clients
1 38 74 129.8 3 4 0 65 71 66 34 0
2 38 80 120.8 3 4 0 36 64 49 48 0
3 43 116 92.6 4 3 0 72 75 23 67 4 0
4 31 80 96 3 3 0 14 44 38 5 0
5 38 72 121.8 3 4 0 3 33 29 81 35 70 0
6 39 77 131 3 5 0 7 47 19 8 46 17 82 0
7 43 116 95.3 4 3 0 83 45 61 86 91 37 98 93 0
8 38 80 109.9 3 4 0 63 62 11 10 32 0
9 43 112 90.7 4 3 0 59 85 16 43 100 0
10 38 73 117.1 3 4 0 39 22 54 25 0
11 31 73 93.9 3 3 0 50 30 90 20 31 0
12 31 79 98.1 3 3 0 51 9 68 24 77 0
13 13 28 68.2 1 2 0 78 80 12 0
14 19 25 81.8 1 3 0 79 55 0
15 23 66 67.9 3 2 0 94 42 15 87 0
16 24 48 88.1 2 3 0 73 41 56 74 95 0
17 16 41 64.3 2 2 0 92 99 84 13 0
18 16 43 59.3 2 2 0 57 2 21 58 0
19 5 18 39.6 1 1 0 52 88 0
20 5 21 38.2 1 1 0 6 60 89 0
21 5 23 39.2 1 1 0 96 97 0
22 5 12 31.6 1 1 0 18 0
23 5 30 39.5 1 1 0 26 76 0
24 5 16 31.9 1 1 0 1 69 0
25 5 25 29.5 1 1 0 28 40 0
26 5 30 18.7 1 1 0 27 53 0

