Instance Name: C208b
Qty_Routes: 5 Total_Distance: 1041.3 Total_Cost: 1374
List of ROUTES:
#  Cost Demand Distance k f Clients
1 259 400 197 1 3 0 5 75 1 89 7 3 4 91 88 86 84 83 82 85 76 71 70 73 80 79 81 78 77 87 96 0
2 230 400 139.8 1 2 0 67 66 69 61 64 68 65 49 55 54 53 60 58 56 59 57 40 44 46 45 41 42 47 43 48 0
3 313 400 268.4 1 5 0 20 27 29 24 22 93 2 99 100 97 92 94 95 98 14 90 11 25 9 10 8 21 0
4 313 400 281.2 1 5 0 63 72 62 30 6 31 35 32 33 36 39 38 37 28 26 23 34 18 51 52 50 0
5 259 210 154.9 1 3 0 74 19 15 12 13 16 17 0

