Instance Name: R105c
Qty_Routes: 28 Total_Distance: 1953.6 Total_Cost: 568
List of ROUTES:
#  Cost Demand Distance k f Clients
1 38 79 128.2 3 4 0 33 65 71 66 35 0
2 38 76 129.8 3 4 0 47 36 64 49 70 0
3 43 116 92.6 4 3 0 72 75 23 67 4 0
4 43 116 99.3 4 3 0 42 14 38 86 91 100 93 0
5 31 79 85.2 3 3 0 79 81 9 34 0
6 31 79 82.9 3 3 0 5 45 46 48 0
7 51 107 121.7 4 4 0 63 11 62 19 10 32 1 0
8 31 80 90.4 3 3 0 59 16 44 43 37 0
9 38 78 105.4 3 4 0 39 41 22 56 54 0
10 13 27 69.8 1 2 0 12 55 25 0
11 38 76 124.1 3 4 0 31 30 51 90 20 80 0
12 19 28 93.5 1 3 0 29 78 3 24 0
13 16 41 63.3 2 2 0 15 57 87 0
14 16 50 69.8 2 2 0 85 84 17 0
15 16 48 63.7 2 2 0 83 82 8 18 0
16 16 50 55.2 2 2 0 98 61 94 0
17 16 47 62.7 2 2 0 2 73 74 13 0
18 16 50 46.1 2 2 0 68 77 0
19 13 27 67.8 1 2 0 95 92 7 0
20 5 18 39.6 1 1 0 52 88 0
21 5 28 39.2 1 1 0 21 26 0
22 5 21 38.2 1 1 0 6 60 89 0
23 5 20 35 1 1 0 99 96 0
24 5 30 38.4 1 1 0 97 58 0
25 5 19 39.2 1 1 0 69 50 0
26 5 29 31.4 1 1 0 28 76 0
27 5 9 22.4 1 1 0 40 0
28 5 30 18.7 1 1 0 27 53 0

