Instance Name: R202a
Qty_Routes: 5 Total_Distance: 1577.2 Total_Cost: 2929.5
List of ROUTES:
#  Cost Demand Distance k f Clients
1 657.1 300 414.1 1 6 0 1 50 33 65 71 78 9 81 51 90 49 46 7 10 66 20 32 35 34 24 80 3 77 70 91 0
2 536 300 254.2 1 4 0 52 83 45 82 48 47 36 63 64 11 19 62 88 31 30 76 79 53 6 60 0
3 649 298 406 1 6 0 92 28 21 72 75 39 23 67 73 2 38 57 41 22 56 74 4 55 17 25 12 26 0
4 480 296 138.5 1 2 0 96 59 85 14 61 16 44 86 43 100 37 98 93 95 94 0
5 607.4 264 364.4 1 6 0 27 5 42 15 29 69 99 18 40 87 8 84 97 13 54 68 58 89 0

