Instance Name: RC204a
Qty_Routes: 18 Total_Distance: 1780 Total_Cost: 3090
List of ROUTES:
#  Cost Demand Distance k f Clients
1 204 100 146.8 1 3 0 62 34 29 30 32 33 89 85 0
2 178 99 137.1 1 2 0 31 27 26 28 51 0
3 178 100 134.1 1 2 0 52 59 97 75 58 77 0
4 178 100 99.7 1 2 0 19 18 48 21 25 0
5 178 100 91.5 1 2 0 40 36 35 37 0
6 178 100 86.8 1 2 0 11 15 16 17 0
7 178 98 125.1 1 2 0 47 73 79 7 46 5 100 0
8 178 100 92.3 1 2 0 2 1 3 45 8 6 0
9 178 100 93.2 1 2 0 20 49 23 24 22 0
10 178 98 135.4 1 2 0 78 14 10 87 74 13 0
11 178 100 84.8 1 2 0 42 44 43 39 38 41 0
12 178 100 114.9 1 2 0 95 67 50 76 63 84 0
13 150 100 70.4 1 1 0 81 54 72 71 93 94 96 0
14 178 97 117 1 2 0 9 12 60 4 0
15 150 97 79.6 1 1 0 99 86 57 83 64 0
16 150 97 64.9 1 1 0 68 61 70 55 88 98 0
17 150 98 75.5 1 1 0 90 69 53 82 65 66 56 0
18 150 40 30.9 1 1 0 91 92 80 0

