Instance Name: R105b
Qty_Routes: 30 Total_Distance: 2078.7 Total_Cost: 818.4
List of ROUTES:
#  Cost Demand Distance k f Clients
1 52 79 128.2 3 4 0 33 65 71 66 35 0
2 40.4 45 131.4 2 5 0 36 64 49 46 0
3 45 79 92 3 3 0 72 23 67 0
4 52 80 110.7 3 4 0 5 61 38 43 91 100 0
5 52 80 117.5 3 4 0 81 9 34 54 25 0
6 52 80 105.6 3 4 0 92 42 98 16 86 84 17 0
7 32 50 94.7 2 3 0 63 30 90 10 0
8 24 48 69.3 2 2 0 82 47 7 0
9 45 76 91.6 3 3 0 62 19 11 32 70 0
10 24 50 68.4 2 2 0 39 4 0
11 24 46 69.7 2 2 0 14 44 37 0
12 24 28 91.4 1 3 0 29 51 20 0
13 39 50 106.3 2 4 0 78 79 3 55 24 80 0
14 32 49 87.5 2 3 0 15 75 22 41 0
15 24 48 61.8 2 2 0 83 45 8 18 0
16 24 30 85.8 1 3 0 73 57 56 74 0
17 24 45 60 2 2 0 88 48 0
18 37 79 66.3 3 2 0 2 85 99 93 0
19 24 50 46.1 2 2 0 68 77 0
20 16 49 36.9 2 1 0 87 13 0
21 10 28 39.2 1 1 0 21 26 0
22 24 49 52 2 2 0 59 6 60 89 0
23 10 27 35 1 1 0 31 0
24 16 50 39.9 2 1 0 94 96 97 0
25 10 26 38.1 1 1 0 76 50 0
26 10 16 31.9 1 1 0 69 1 0
27 10 19 30 1 1 0 12 0
28 16 38 35.2 2 1 0 95 58 0
29 10 25 24.8 1 1 0 27 52 0
30 16 39 31.4 2 1 0 28 53 40 0

