Instance Name: C106c
Qty_Routes: 19 Total_Distance: 1539.3 Total_Cost: 1035
List of ROUTES:
#  Cost Demand Distance k f Clients
1 73 100 125.6 1 4 0 78 76 73 70 77 79 80 0
2 73 100 126.6 1 4 0 71 81 82 84 89 0
3 59 100 98.4 1 3 0 55 56 60 58 59 0
4 59 100 91.2 1 3 0 57 53 54 0
5 59 100 97.7 1 3 0 96 95 92 94 100 99 0
6 59 100 95.4 1 3 0 98 93 97 91 0
7 59 100 99.5 1 3 0 35 37 38 39 36 52 0
8 59 100 90.6 1 3 0 18 19 16 14 12 0
9 59 100 80.9 1 3 0 13 17 15 9 0
10 59 100 81.4 1 3 0 20 32 31 29 30 26 23 0
11 59 100 85.5 1 3 0 24 33 34 50 49 47 0
12 59 100 80.1 1 3 0 90 87 83 86 88 75 0
13 59 100 85.6 1 3 0 85 6 4 2 1 0
14 45 100 60 1 2 0 43 41 40 44 46 45 48 51 0
15 45 100 57.8 1 2 0 67 65 62 61 72 64 68 66 69 0
16 30 100 39.7 1 1 0 63 74 0
17 45 100 55.4 1 2 0 5 3 7 8 10 11 21 0
18 45 90 63.5 1 2 0 42 25 27 28 0
19 30 20 24.4 1 1 0 22 0

