Instance Name: RC201c
Qty_Routes: 18 Total_Distance: 1794.7 Total_Cost: 604
List of ROUTES:
#  Cost Demand Distance k f Clients
1 91 176 192.7 2 3 0 92 95 33 62 31 29 27 30 28 26 34 32 93 0
2 91 162 196.5 2 3 0 83 59 75 87 97 74 58 77 25 48 0
3 43 89 138.1 1 2 0 52 21 18 76 89 0
4 64 159 129.5 2 2 0 63 19 23 49 22 20 24 91 0
5 64 200 137.7 2 2 0 42 39 36 38 44 41 40 43 35 37 0
6 43 95 129.9 1 2 0 14 47 15 16 73 17 13 0
7 43 100 106.1 1 2 0 45 5 8 7 46 3 1 0
8 15 75 79.9 1 1 0 98 88 79 60 0
9 15 93 76.4 1 1 0 2 6 4 100 0
10 15 75 78.9 1 1 0 64 51 85 84 56 0
11 15 65 76.9 1 1 0 67 50 96 0
12 15 95 79.3 1 1 0 12 11 9 99 0
13 15 73 79.5 1 1 0 65 82 53 78 55 0
14 15 67 70.6 1 1 0 86 57 66 0
15 15 70 78.7 1 1 0 69 10 80 0
16 15 61 78.5 1 1 0 72 71 94 54 0
17 15 63 57.1 1 1 0 81 61 68 70 0
18 15 6 8.4 1 1 0 90 0

