Instance Name: RC201a
Qty_Routes: 18 Total_Distance: 2097.6 Total_Cost: 3170
List of ROUTES:
#  Cost Demand Distance k f Clients
1 204 98 197.6 1 3 0 62 29 27 30 28 85 26 32 93 0
2 204 100 179.6 1 3 0 59 52 75 97 58 77 0
3 178 98 136.4 1 2 0 95 63 76 89 48 25 0
4 178 98 134.9 1 2 0 72 33 31 34 50 0
5 178 100 96.4 1 2 0 23 21 18 19 0
6 178 100 99.2 1 2 0 36 40 35 37 0
7 178 98 118.9 1 2 0 14 47 15 16 17 13 74 0
8 178 100 106.1 1 2 0 45 5 8 7 46 3 1 0
9 204 99 140 1 3 0 69 98 78 73 53 90 60 100 0
10 178 95 139.3 1 2 0 42 88 79 6 55 0
11 178 92 89.2 1 2 0 65 86 87 9 99 0
12 178 100 129.5 1 2 0 39 61 38 44 43 68 0
13 150 93 78 1 1 0 64 22 49 20 66 0
14 150 93 74.4 1 1 0 2 4 70 0
15 178 98 137.4 1 2 0 92 83 57 51 84 24 0
16 150 99 72.5 1 1 0 82 12 11 10 0
17 178 95 106.5 1 2 0 67 71 41 81 54 96 0
18 150 68 61.7 1 1 0 94 56 80 91 0

