Instance Name: R107b
Qty_Routes: 29 Total_Distance: 1964.7 Total_Cost: 807
List of ROUTES:
#  Cost Demand Distance k f Clients
1 52 77 125 3 4 0 20 71 65 66 35 0
2 52 77 128.4 3 4 0 46 36 64 49 47 7 0
3 45 79 92 3 3 0 72 23 67 0
4 76 120 123 4 4 0 92 42 91 14 38 86 61 17 5 0
5 52 80 101.4 3 4 0 81 9 78 34 24 54 0
6 45 80 97.6 3 3 0 51 30 10 63 32 0
7 32 49 99.9 2 3 0 16 44 43 41 0
8 24 50 68.4 2 2 0 39 4 0
9 52 78 109.7 3 4 0 62 11 19 8 82 70 0
10 32 49 95.2 2 3 0 33 79 29 25 0
11 18 30 64.7 1 2 0 31 90 0
12 32 50 86.8 2 3 0 22 75 56 55 80 0
13 45 78 94.3 3 3 0 60 15 100 93 59 0
14 24 49 62.2 2 2 0 89 83 45 84 0
15 24 48 57.5 2 2 0 18 48 0
16 24 50 64.2 2 2 0 87 57 74 73 0
17 24 49 48.7 2 2 0 37 85 0
18 24 49 49.9 2 2 0 68 3 0
19 24 50 44.2 2 2 0 95 98 99 96 0
20 10 27 39.5 1 1 0 76 77 0
21 10 18 39.6 1 1 0 52 88 0
22 10 30 38.6 1 1 0 2 13 0
23 10 28 39.2 1 1 0 21 26 0
24 10 30 38.4 1 1 0 97 58 0
25 10 23 38.5 1 1 0 1 50 0
26 10 19 30 1 1 0 12 0
27 10 22 29.3 1 1 0 69 28 0
28 10 30 26.4 1 1 0 94 6 0
29 16 39 32.1 2 1 0 27 53 40 0

