Instance Name: R206b
Qty_Routes: 5 Total_Distance: 1318.7 Total_Cost: 967.5
List of ROUTES:
#  Cost Demand Distance k f Clients
1 228.5 300 345.5 1 6 0 28 33 3 29 34 71 65 9 90 30 51 81 79 78 35 66 20 32 10 70 1 24 91 0
2 203 298 284.9 1 5 0 92 52 31 62 48 47 36 11 63 64 49 19 46 8 83 18 84 17 98 37 96 60 82 7 0
3 176 300 206.1 1 4 0 95 42 15 2 21 72 75 23 67 39 56 41 22 74 25 55 4 54 80 77 12 0
4 149 298 154.2 1 3 0 94 59 14 44 38 86 16 61 6 99 93 85 100 43 13 0
5 211 262 328 1 6 0 5 45 88 27 73 40 69 87 53 50 76 57 68 26 58 97 89 0

