Instance Name: RC107c
Qty_Routes: 18 Total_Distance: 1654.6 Total_Cost: 676.6
List of ROUTES:
#  Cost Demand Distance k f Clients
1 68 150 142 3 5 0 31 29 30 28 26 27 34 32 33 0
2 39.3 79 130.3 2 5 0 74 75 58 97 0
3 43.3 77 134.3 2 5 0 62 85 63 89 76 48 0
4 73 187 129 4 4 0 77 25 23 19 18 49 22 20 24 0
5 39 67 122.2 2 4 0 67 95 51 21 57 0
6 73 200 114.1 4 4 0 41 42 44 38 43 40 37 35 36 39 0
7 56 148 116.3 3 4 0 99 52 86 87 59 11 15 13 0
8 56 149 122.7 3 4 0 82 9 16 17 47 14 10 78 100 0
9 48 140 99.9 3 3 0 6 8 4 45 5 3 1 46 0
10 56 144 116.8 3 4 0 88 2 7 79 73 60 70 0
11 39 73 110.1 2 4 0 72 93 71 50 84 0
12 14 34 65.8 1 2 0 98 53 12 0
13 24 73 59.7 2 2 0 94 92 56 64 0
14 6 30 39.4 1 1 0 83 66 0
15 24 74 61.6 2 2 0 61 81 54 96 91 0
16 6 37 34.1 1 1 0 55 68 0
17 6 22 22.7 1 1 0 90 65 0
18 6 40 33.6 1 1 0 80 69 0

