Instance Name: RC208b
Qty_Routes: 20 Total_Distance: 1895.2 Total_Cost: 852
List of ROUTES:
#  Cost Demand Distance k f Clients
1 58 100 127.1 1 2 0 29 27 26 28 30 32 33 0
2 58 96 139.3 1 2 0 52 58 75 77 25 21 49 20 0
3 58 97 134.3 1 2 0 48 18 89 76 63 85 62 0
4 58 98 109.2 1 2 0 95 50 34 31 67 93 0
5 58 99 130.5 1 2 0 73 17 16 97 59 0
6 58 98 135 1 2 0 13 74 19 23 24 0
7 58 100 91.5 1 2 0 37 35 36 40 0
8 58 100 92.3 1 2 0 7 8 46 45 5 3 1 0
9 30 80 79.7 1 1 0 12 15 11 0
10 30 75 78.2 1 1 0 98 60 79 88 0
11 30 55 79.8 1 1 0 53 14 47 10 0
12 30 78 79.8 1 1 0 65 86 87 99 90 0
13 58 100 84.8 1 2 0 42 44 43 39 38 41 0
14 30 93 75.3 1 1 0 6 4 2 100 0
15 30 94 78.9 1 1 0 83 57 22 64 0
16 30 45 79.7 1 1 0 55 9 82 0
17 30 99 77.9 1 1 0 91 92 84 51 56 66 0
18 30 75 77.9 1 1 0 68 69 78 0
19 30 83 76.4 1 1 0 96 71 72 54 61 81 0
20 30 59 67.6 1 1 0 80 94 70 0

