Instance Name: RC107b
Qty_Routes: 31 Total_Distance: 2369.8 Total_Cost: 1035
List of ROUTES:
#  Cost Demand Distance k f Clients
1 54 70 119.4 2 4 0 59 75 97 0
2 54 80 125 2 4 0 30 28 27 29 31 32 0
3 54 70 121.3 2 4 0 33 26 34 0
4 54 80 120.3 2 4 0 52 77 25 21 23 48 0
5 54 67 112.9 2 4 0 62 85 63 89 76 0
6 47 80 92.3 2 3 0 49 19 18 24 0
7 47 80 86.6 2 3 0 38 36 37 0
8 47 80 86.7 2 3 0 14 47 17 16 15 0
9 47 80 94.7 2 3 0 42 43 40 35 0
10 47 80 93.6 2 3 0 8 4 1 3 0
11 47 67 88 2 3 0 53 78 73 79 0
12 54 80 113.2 2 4 0 82 9 13 87 58 74 0
13 47 80 88.2 2 3 0 5 45 46 7 6 0
14 47 78 90.3 2 3 0 86 22 20 0
15 28 39 71.2 1 3 0 67 50 0
16 28 40 76.9 1 3 0 41 39 44 0
17 28 40 87.1 1 3 0 93 84 51 0
18 39 70 67.1 2 2 0 10 11 0
19 20 38 63.1 1 2 0 71 72 54 0
20 20 39 63.8 1 2 0 88 60 100 0
21 20 37 60.9 1 2 0 83 64 95 0
22 20 38 52.9 1 2 0 61 70 90 0
23 20 38 58.2 1 2 0 99 57 0
24 12 36 34.7 1 1 0 81 96 0
25 20 29 65.8 1 2 0 98 12 0
26 12 37 38.3 1 1 0 92 94 0
27 12 37 34.1 1 1 0 68 55 0
28 12 32 37.1 1 1 0 91 56 0
29 12 40 33.6 1 1 0 80 69 0
30 12 32 30.9 1 1 0 66 65 0
31 20 30 61.6 1 2 0 2 0

