Instance Name: C107a
Qty_Routes: 19 Total_Distance: 1616.1 Total_Cost: 6193
List of ROUTES:
#  Cost Demand Distance k f Clients
1 343 100 127.1 1 4 0 76 71 70 73 77 79 80 0
2 343 100 103.8 1 4 0 40 53 58 60 59 68 0
3 329 100 95.6 1 3 0 96 94 92 97 100 99 0
4 329 100 97.3 1 3 0 31 35 38 36 34 49 0
5 329 100 90.5 1 3 0 19 15 16 14 0
6 329 100 96.1 1 3 0 25 29 37 39 47 0
7 329 100 98.3 1 3 0 95 93 9 75 0
8 343 100 117.4 1 4 0 81 78 83 82 89 91 0
9 329 100 99.7 1 3 0 57 56 72 61 64 0
10 329 100 96.8 1 3 0 55 54 46 51 52 0
11 329 100 95 1 3 0 13 17 18 12 23 0
12 329 100 78.2 1 3 0 33 32 27 30 26 0
13 329 100 96.1 1 3 0 87 98 8 4 2 0
14 315 100 64.3 1 2 0 43 42 41 44 45 48 50 22 0
15 315 100 64.3 1 2 0 90 86 84 85 88 0
16 329 100 85 1 3 0 5 3 7 10 11 6 1 69 0
17 315 100 44.2 1 2 0 67 65 62 74 66 0
18 300 60 38.2 1 1 0 20 24 28 21 0
19 300 50 28.2 1 1 0 63 0

