Instance Name: R111c
Qty_Routes: 24 Total_Distance: 1700.9 Total_Cost: 553.4
List of ROUTES:
#  Cost Demand Distance k f Clients
1 57.4 115 136.4 4 5 0 34 71 65 66 32 90 63 70 0
2 52 120 131 4 5 0 7 19 64 49 36 47 46 5 0
3 43 116 92.6 4 3 0 72 75 23 67 4 0
4 43 118 96.3 4 3 0 42 14 38 86 16 91 93 0
5 38 80 110 3 4 0 30 9 35 81 20 0
6 43 114 95.4 4 3 0 85 61 44 43 100 98 37 0
7 38 80 102.3 3 4 0 39 41 22 74 54 0
8 31 74 90.1 3 3 0 83 82 62 11 10 0
9 38 78 116.5 3 4 0 51 33 78 79 3 29 24 25 0
10 16 38 69.4 2 2 0 68 55 0
11 23 80 66 3 2 0 57 15 87 97 94 0
12 31 70 98.4 3 3 0 48 45 8 84 17 0
13 16 49 68.7 2 2 0 73 56 21 13 0
14 16 39 51.3 2 2 0 80 77 12 0
15 23 76 69.7 3 2 0 31 88 18 59 0
16 5 22 36.9 1 1 0 95 92 0
17 5 25 36.2 1 1 0 2 58 0
18 5 21 38.2 1 1 0 6 60 89 0
19 5 20 35 1 1 0 96 99 0
20 5 23 38.5 1 1 0 1 50 0
21 5 30 39.5 1 1 0 26 76 0
22 5 15 34.3 1 1 0 52 69 0
23 5 25 29.5 1 1 0 28 40 0
24 5 30 18.7 1 1 0 27 53 0

