Instance Name: R206c
Qty_Routes: 10 Total_Distance: 1125.6 Total_Cost: 630
List of ROUTES:
#  Cost Demand Distance k f Clients
1 75 139 139.2 1 2 0 28 3 29 34 71 65 35 66 20 1 0
2 75 160 139.8 1 2 0 52 48 47 36 11 63 64 49 19 7 0
3 75 210 139.8 1 2 0 39 67 23 56 75 22 41 74 72 4 25 55 54 0
4 75 286 139.5 1 2 0 95 42 92 98 85 61 16 14 86 38 44 91 100 37 93 59 96 0
5 45 53 79.1 1 1 0 83 45 46 8 82 0
6 45 100 78.4 1 1 0 94 87 15 43 57 2 58 0
7 45 91 78.5 1 1 0 27 88 62 10 90 32 70 0
8 75 231 137.4 1 2 0 76 50 33 81 30 51 9 78 79 24 80 68 77 12 26 0
9 45 88 79.6 1 1 0 6 99 84 17 5 60 89 13 0
10 75 100 114.3 1 2 0 18 31 69 53 21 73 40 97 0

