Instance Name: RC205b
Qty_Routes: 20 Total_Distance: 1913.2 Total_Cost: 878
List of ROUTES:
#  Cost Demand Distance k f Clients
1 58 100 138.7 1 2 0 33 30 27 28 26 29 32 0
2 84 100 153.8 1 3 0 52 59 75 97 77 58 0
3 58 100 136.5 1 2 0 95 85 63 76 89 48 25 0
4 58 100 108.8 1 2 0 62 50 34 31 71 93 0
5 58 100 100.4 1 2 0 23 18 21 19 0
6 58 100 99.2 1 2 0 36 40 35 37 0
7 58 95 128 1 2 0 14 15 16 47 73 17 13 0
8 58 100 100 1 2 0 7 45 46 8 5 3 1 0
9 30 75 79.9 1 1 0 98 88 79 60 0
10 58 100 122.1 1 2 0 90 99 86 9 87 74 24 0
11 30 61 77.7 1 1 0 42 44 43 68 0
12 30 93 79.4 1 1 0 64 22 20 49 66 0
13 30 69 76.7 1 1 0 39 38 41 61 0
14 30 93 76.4 1 1 0 2 6 4 100 0
15 30 99 72.5 1 1 0 82 12 11 10 0
16 30 96 74.5 1 1 0 92 84 51 56 91 80 0
17 30 75 74.1 1 1 0 69 78 53 55 0
18 30 56 76.7 1 1 0 94 67 72 54 0
19 30 63 77.7 1 1 0 65 57 83 81 0
20 30 49 60.1 1 1 0 96 70 0

