Instance Name: RC104a
Qty_Routes: 44 Total_Distance: 3620.4 Total_Cost: 3272.5
List of ROUTES:
#  Cost Demand Distance k f Clients
1 83 40 117.7 1 4 0 32 30 27 0
2 83 40 117.8 1 4 0 29 26 0
3 83 40 116.8 1 4 0 31 28 33 0
4 83 39 127.6 1 4 0 52 87 75 77 0
5 83 40 113.1 1 4 0 58 25 0
6 83 38 111.5 1 4 0 85 63 34 0
7 76 40 94.2 1 3 0 18 48 21 0
8 83.5 38 130.5 1 5 0 20 89 93 0
9 76 40 90.1 1 3 0 24 23 0
10 76 40 94.3 1 3 0 43 35 0
11 83 40 129.5 1 4 0 73 97 0
12 76 40 86 1 3 0 36 0
13 76 40 85 1 3 0 14 47 16 0
14 76 40 80.7 1 3 0 12 17 0
15 76 38 96.4 1 3 0 82 13 59 0
16 76 40 81.4 1 3 0 38 37 0
17 76 40 83.8 1 3 0 6 5 0
18 76 40 80.2 1 3 0 2 3 0
19 76 40 80.9 1 3 0 42 40 0
20 76 40 82.2 1 3 0 15 9 0
21 76 40 87.6 1 3 0 7 1 0
22 76 40 96 1 3 0 45 79 0
23 76 40 80 1 3 0 19 0
24 76 40 76.9 1 3 0 44 39 41 0
25 76 38 94.5 1 3 0 86 49 0
26 76 40 87.5 1 3 0 60 8 46 100 0
27 76 38 90.1 1 3 0 10 74 0
28 76 40 96.2 1 3 0 95 62 76 0
29 68 40 67 1 2 0 11 0
30 76 39 71.2 1 3 0 67 50 0
31 76 40 70 1 3 0 22 0
32 68 38 67.5 1 2 0 90 53 78 0
33 76 40 72.2 1 3 0 4 0
34 68 38 63.1 1 2 0 71 72 54 0
35 68 37 69.7 1 2 0 51 84 0
36 68 38 58.2 1 2 0 99 57 0
37 68 36 45.7 1 2 0 64 56 0
38 68 37 58.3 1 2 0 98 88 61 0
39 68 40 41.5 1 2 0 92 96 0
40 68 40 60.9 1 2 0 83 66 81 0
41 60 36 39.1 1 1 0 91 94 0
42 60 37 34.1 1 1 0 55 68 0
43 68 39 59.8 1 2 0 65 70 0
44 60 40 33.6 1 1 0 80 69 0

