Instance Name: R103c
Qty_Routes: 27 Total_Distance: 1897.8 Total_Cost: 571.2
List of ROUTES:
#  Cost Demand Distance k f Clients
1 38 80 128.9 3 4 0 71 65 66 34 80 0
2 41.2 72 133.2 3 5 0 36 64 49 47 46 0
3 43 116 92.6 4 3 0 72 75 23 67 4 0
4 43 118 96.3 4 3 0 42 14 38 86 16 91 93 0
5 51 116 121.3 4 4 0 32 20 30 9 35 81 3 0
6 31 70 95 3 3 0 7 62 10 90 63 19 0
7 43 117 94.2 4 3 0 5 85 44 43 100 37 0
8 31 75 83 3 3 0 54 39 22 74 0
9 16 39 68 2 2 0 11 31 0
10 31 71 98 3 3 0 33 79 29 24 25 12 0
11 31 69 99.5 3 3 0 51 78 68 21 73 0
12 31 49 113.5 2 4 0 98 57 15 41 55 26 0
13 31 77 79.9 3 3 0 83 45 84 17 61 59 0
14 13 29 66.8 1 2 0 56 13 0
15 23 73 64.4 3 2 0 18 8 48 82 0
16 16 47 64.8 2 2 0 94 89 70 0
17 5 27 39.5 1 1 0 76 77 0
18 5 25 39.2 1 1 0 27 88 0
19 5 26 36.8 1 1 0 87 0
20 5 22 36.9 1 1 0 92 95 0
21 5 25 36.2 1 1 0 2 58 0
22 5 6 38.1 1 1 0 6 60 0
23 5 20 35 1 1 0 96 99 0
24 5 12 34.4 1 1 0 97 0
25 5 23 38.5 1 1 0 1 50 0
26 5 15 34.3 1 1 0 69 52 0
27 8 39 29.5 2 1 0 28 40 53 0

