Instance Name: RC207a
Qty_Routes: 18 Total_Distance: 1938 Total_Cost: 3142
List of ROUTES:
#  Cost Demand Distance k f Clients
1 204 100 167.5 1 3 0 62 85 29 34 30 32 33 89 0
2 204 100 161.1 1 3 0 71 31 28 26 27 93 100 0
3 204 100 146 1 3 0 52 59 75 97 58 77 0
4 178 99 130.7 1 2 0 76 18 21 48 25 74 0
5 178 100 86.8 1 2 0 11 15 16 17 0
6 178 100 94.7 1 2 0 40 37 35 36 0
7 178 99 104.1 1 2 0 51 23 19 24 0
8 178 100 115.6 1 2 0 53 73 79 7 8 46 1 0
9 178 100 114 1 2 0 2 6 45 5 3 42 0
10 178 100 104.1 1 2 0 84 63 20 49 22 66 0
11 178 100 114.7 1 2 0 78 12 13 87 10 0
12 178 98 93.6 1 2 0 72 41 38 39 44 43 0
13 178 97 124 1 2 0 9 47 14 60 4 0
14 150 97 79.6 1 1 0 64 83 57 86 99 0
15 150 95 79.4 1 1 0 92 95 50 67 94 91 0
16 150 95 78.9 1 1 0 61 96 54 70 68 0
17 150 97 76 1 1 0 55 88 69 65 56 0
18 150 47 67.2 1 1 0 98 82 90 80 81 0

