Instance Name: R111b
Qty_Routes: 26 Total_Distance: 1865.5 Total_Cost: 792
List of ROUTES:
#  Cost Demand Distance k f Clients
1 52 78 112.9 3 4 0 30 71 65 35 34 0
2 45 79 94.3 3 3 0 19 49 36 47 0
3 39 48 123.4 2 4 0 63 64 11 46 82 0
4 45 76 78.1 3 3 0 61 86 17 5 0
5 32 50 79.8 2 3 0 93 91 14 43 0
6 45 80 90.7 3 3 0 98 44 38 16 100 0
7 45 74 96.1 3 3 0 81 66 32 0
8 45 78 96.4 3 3 0 23 22 39 0
9 45 74 91.8 3 3 0 72 75 67 56 0
10 32 49 82.3 2 3 0 54 4 25 80 0
11 24 50 67.8 2 2 0 33 79 78 3 0
12 45 78 86 3 3 0 73 57 15 42 37 85 0
13 32 50 93.6 2 3 0 24 29 68 55 0
14 24 49 63.9 2 2 0 18 83 45 84 60 0
15 24 50 64.2 2 2 0 8 48 7 0
16 24 50 68.5 2 2 0 87 41 74 21 0
17 32 50 77.8 2 3 0 1 51 9 20 70 0
18 24 47 69.5 2 2 0 88 62 90 10 0
19 16 50 38.5 2 1 0 95 92 59 0
20 16 48 38.8 2 1 0 13 2 58 0
21 16 49 37.6 2 1 0 27 69 31 0
22 24 46 47.7 2 2 0 50 77 12 0
23 16 46 39.5 2 1 0 28 76 26 0
24 16 47 35.6 2 1 0 96 99 94 0
25 16 32 30.6 2 1 0 89 6 53 0
26 18 30 60.1 1 2 0 40 97 52 0

