Instance Name: RC108c
Qty_Routes: 18 Total_Distance: 1475.4 Total_Cost: 639.6
List of ROUTES:
#  Cost Demand Distance k f Clients
1 56 150 127.3 3 4 0 33 32 30 28 26 27 29 31 34 0
2 63.4 136 137.4 3 5 0 52 86 74 59 97 75 58 77 0
3 68.2 133 142.2 3 5 0 95 62 85 63 89 76 48 23 25 0
4 48 140 96.6 3 3 0 24 22 21 18 19 49 20 0
5 48 150 95.8 3 3 0 42 38 37 35 36 40 39 0
6 64 200 97.2 4 3 0 12 14 47 17 16 15 13 9 11 10 0
7 64 193 96 4 3 0 2 6 7 8 46 4 45 5 3 1 100 0
8 32 79 89.6 2 3 0 79 73 78 60 0
9 39 79 112.7 2 4 0 82 99 53 87 57 83 0
10 39 77 100.4 2 4 0 44 43 41 72 54 93 0
11 32 76 94.8 2 3 0 67 50 84 51 0
12 24 77 57.3 2 2 0 92 94 71 96 0
13 24 78 53.6 2 2 0 91 56 64 66 80 0
14 14 38 54.3 1 2 0 90 61 70 0
15 6 35 38.3 1 1 0 88 55 0
16 6 36 28.3 1 1 0 69 98 0
17 6 31 31.2 1 1 0 68 81 0
18 6 16 22.4 1 1 0 65 0

