Instance Name: R203c
Qty_Routes: 11 Total_Distance: 1226 Total_Cost: 674
List of ROUTES:
#  Cost Demand Distance k f Clients
1 75 180 139.4 1 2 0 1 51 20 71 65 66 35 34 81 3 77 28 0
2 75 176 139.5 1 2 0 89 83 45 46 47 36 64 49 19 48 52 0
3 75 223 139.5 1 2 0 26 54 24 39 67 23 41 22 56 75 74 72 73 21 0
4 104 296 198.3 1 3 0 94 95 92 97 42 15 37 98 85 91 61 16 44 86 38 17 14 43 57 2 58 0
5 45 106 79.9 1 1 0 69 30 32 90 63 10 31 0
6 45 89 79.6 1 1 0 27 88 62 11 7 82 18 0
7 45 77 79.9 1 1 0 53 12 68 55 25 0
8 45 66 78.2 1 1 0 50 33 79 78 9 0
9 45 34 79.3 1 1 0 4 29 80 0
10 45 96 74.7 1 1 0 96 59 99 5 84 8 60 6 0
11 75 115 137.7 1 2 0 76 40 87 13 93 100 70 0

