Instance Name: RC108a
Qty_Routes: 44 Total_Distance: 3589.1 Total_Cost: 3272
List of ROUTES:
#  Cost Demand Distance k f Clients
1 83 40 117.6 1 4 0 32 26 0
2 83 40 118.9 1 4 0 29 28 30 33 0
3 83 40 114.3 1 4 0 27 31 0
4 83 39 127.6 1 4 0 52 87 75 77 0
5 76 40 97.3 1 3 0 48 21 25 0
6 83 39 122 1 4 0 93 62 85 63 89 0
7 83 40 129.5 1 4 0 73 97 0
8 76 39 94.8 1 3 0 67 34 0
9 76 40 94.3 1 3 0 43 35 0
10 76 40 92.1 1 3 0 24 18 20 0
11 76 40 91.2 1 3 0 49 23 0
12 83 39 100.8 1 4 0 59 58 0
13 76 40 81.4 1 3 0 38 37 0
14 76 40 80.9 1 3 0 42 40 0
15 76 40 85 1 3 0 14 47 16 0
16 76 40 80 1 3 0 19 0
17 76 40 86 1 3 0 36 0
18 83 39 119.8 1 4 0 74 76 0
19 76 40 84.7 1 3 0 1 3 46 0
20 76 40 86.9 1 3 0 7 5 0
21 76 39 76.7 1 3 0 82 9 13 0
22 76 40 78.5 1 3 0 2 8 0
23 76 40 96 1 3 0 79 45 0
24 76 40 72.2 1 3 0 4 0
25 76 40 80.7 1 3 0 12 17 0
26 76 40 99.9 1 3 0 100 60 15 0
27 76 36 72 1 3 0 95 50 0
28 68 40 67 1 2 0 11 0
29 76 40 70 1 3 0 22 0
30 68 39 69.2 1 2 0 88 6 0
31 76 40 76.9 1 3 0 41 39 44 0
32 68 38 67.5 1 2 0 90 53 78 0
33 68 39 65.7 1 2 0 98 10 0
34 68 38 58.2 1 2 0 99 57 0
35 68 38 63.1 1 2 0 71 72 54 0
36 68 37 69.7 1 2 0 51 84 0
37 68 36 45.7 1 2 0 64 56 0
38 76 37 95.5 1 3 0 61 86 0
39 60 37 38.3 1 1 0 92 94 0
40 68 39 44 1 2 0 55 70 0
41 68 40 60.9 1 2 0 81 66 83 0
42 68 39 40.9 1 2 0 96 91 0
43 60 40 33.6 1 1 0 80 69 0
44 68 37 41.8 1 2 0 65 68 0

