Instance Name: C207a
Qty_Routes: 5 Total_Distance: 913.2 Total_Cost: 5264
List of ROUTES:
#  Cost Demand Distance k f Clients
1 1059 400 195.5 1 3 0 5 75 1 7 3 89 4 91 88 86 84 83 82 85 76 71 70 73 80 79 81 78 77 87 96 0
2 1030 400 139.8 1 2 0 67 66 69 61 64 68 65 49 55 54 53 60 58 56 59 57 40 44 46 45 41 42 47 43 48 0
3 1086 400 238.6 1 4 0 20 22 93 2 99 100 97 92 94 95 98 12 14 16 19 9 90 11 10 8 21 0
4 1059 390 199.5 1 3 0 24 27 30 29 6 31 32 36 39 38 37 35 33 34 28 26 23 18 25 51 52 50 0
5 1030 220 139.8 1 2 0 72 63 74 62 17 13 15 0

