Instance Name: RC203a
Qty_Routes: 18 Total_Distance: 1939 Total_Cost: 3092
List of ROUTES:
#  Cost Demand Distance k f Clients
1 178 100 119.7 1 2 0 33 32 30 28 29 31 34 0
2 178 100 136 1 2 0 27 26 50 85 84 0
3 178 99 131.2 1 2 0 52 59 58 77 25 48 18 0
4 178 99 102.3 1 2 0 51 19 21 23 0
5 178 99 136.6 1 2 0 22 75 97 74 0
6 178 100 86.8 1 2 0 11 15 16 17 0
7 178 100 99.2 1 2 0 36 40 35 37 0
8 178 98 127.2 1 2 0 95 63 76 89 49 20 24 0
9 178 98 113.3 1 2 0 73 79 7 8 46 5 100 0
10 178 100 137.1 1 2 0 87 14 47 78 10 13 0
11 178 100 93.3 1 2 0 42 43 39 38 44 41 0
12 178 100 135.1 1 2 0 1 3 45 4 60 93 0
13 178 99 133.5 1 2 0 62 57 86 9 12 53 0
14 178 99 92.9 1 2 0 81 54 72 71 67 94 56 0
15 150 98 79.9 1 1 0 90 88 2 6 70 0
16 150 97 73.6 1 1 0 65 69 82 99 83 66 0
17 150 99 73.4 1 1 0 91 92 96 61 68 55 0
18 150 39 67.9 1 1 0 98 64 80 0

