Instance Name: RC103a
Qty_Routes: 44 Total_Distance: 3554.3 Total_Cost: 3270
List of ROUTES:
#  Cost Demand Distance k f Clients
1 83 40 117.6 1 4 0 32 26 0
2 83 40 117.8 1 4 0 29 27 30 0
3 83 40 125 1 4 0 31 33 28 0
4 83 39 127.6 1 4 0 52 87 75 77 0
5 83 40 129.5 1 4 0 73 97 0
6 76 40 94.2 1 3 0 21 48 18 0
7 76 40 92.8 1 3 0 20 25 24 0
8 76 40 94.3 1 3 0 43 35 0
9 83 38 111.5 1 4 0 85 63 34 0
10 83 39 100.8 1 4 0 59 58 0
11 76 40 91.2 1 3 0 23 49 0
12 76 40 86 1 3 0 36 0
13 76 40 85 1 3 0 14 47 16 0
14 76 40 80.9 1 3 0 42 40 0
15 76 40 83.8 1 3 0 6 5 0
16 76 40 80.7 1 3 0 12 17 0
17 76 40 81.4 1 3 0 38 37 0
18 76 40 96.2 1 3 0 95 62 76 0
19 76 40 80 1 3 0 19 0
20 76 40 87.9 1 3 0 3 45 46 8 0
21 83 40 109.6 1 4 0 79 13 0
22 76 40 79.9 1 3 0 39 44 41 0
23 76 40 87.6 1 3 0 7 1 0
24 76 40 72.2 1 3 0 4 0
25 83 39 103.8 1 4 0 86 74 100 0
26 76 40 82.2 1 3 0 15 9 0
27 76 40 70 1 3 0 22 0
28 68 40 67 1 2 0 11 0
29 68 38 67.5 1 2 0 90 53 78 0
30 68 39 68.2 1 2 0 98 2 0
31 76 39 71.2 1 3 0 67 50 0
32 68 38 63.1 1 2 0 71 72 54 0
33 76 40 89.9 1 3 0 84 51 93 0
34 68 38 58.2 1 2 0 99 57 0
35 83 39 111.4 1 4 0 83 89 0
36 68 36 45.7 1 2 0 64 56 0
37 68 39 63.7 1 2 0 82 10 0
38 68 36 54 1 2 0 88 60 0
39 60 37 38.3 1 1 0 92 94 0
40 60 32 30.9 1 1 0 65 66 0
41 68 39 44 1 2 0 55 70 0
42 60 40 37.2 1 1 0 81 61 68 0
43 68 39 40.9 1 2 0 91 96 0
44 60 40 33.6 1 1 0 69 80 0

