Instance Name: RC105b
Qty_Routes: 30 Total_Distance: 2411.5 Total_Cost: 1072.9
List of ROUTES:
#  Cost Demand Distance k f Clients
1 54 80 121.1 2 4 0 27 26 28 30 32 0
2 54 70 120.9 2 4 0 31 29 33 34 0
3 54 77 129.8 2 4 0 59 97 75 77 0
4 55.9 77 131.9 2 5 0 48 23 21 89 85 0
5 47 80 99.7 2 3 0 19 18 25 0
6 54 80 109.2 2 4 0 36 43 35 0
7 47 80 92.3 2 3 0 42 38 40 37 0
8 47 80 90.7 2 3 0 14 47 15 16 17 0
9 47 80 93.7 2 3 0 45 46 8 5 3 1 0
10 54 70 110.2 2 4 0 76 63 50 93 0
11 54 78 116.9 2 4 0 52 11 78 73 100 0
12 54 68 108 2 4 0 86 87 13 60 0
13 47 79 94.2 2 3 0 98 79 4 0
14 54 78 114.1 2 4 0 22 24 74 58 0
15 28 40 79.9 1 3 0 39 44 41 0
16 47 70 79.2 2 3 0 12 9 10 0
17 28 39 86.9 1 3 0 51 49 20 0
18 47 70 73.2 2 3 0 2 6 7 0
19 20 35 62.6 1 2 0 62 67 94 0
20 20 38 63.1 1 2 0 71 72 54 0
21 20 38 58.2 1 2 0 99 57 0
22 20 40 55 1 2 0 88 53 55 0
23 20 37 60.9 1 2 0 95 64 83 0
24 20 37 54.2 1 2 0 84 56 0
25 20 38 54.3 1 2 0 90 61 70 0
26 12 36 34.7 1 1 0 81 96 0
27 12 32 30.9 1 1 0 65 66 0
28 12 40 31.9 1 1 0 92 91 80 0
29 12 36 33.8 1 1 0 82 69 0
30 12 21 20 1 1 0 68 0

