Instance Name: R206a
Qty_Routes: 5 Total_Distance: 1384.1 Total_Cost: 2780.4
List of ROUTES:
#  Cost Demand Distance k f Clients
1 609.4 300 366.4 1 6 0 92 28 94 59 5 45 36 19 64 65 71 66 9 35 34 32 31 60 17 91 0
2 536 299 244.6 1 4 0 27 1 7 48 47 49 46 8 18 86 85 6 89 58 26 55 24 12 0
3 536 298 256.1 1 4 0 52 50 39 67 23 75 72 40 2 87 38 44 16 84 99 93 37 43 0
4 536 300 215.3 1 4 0 69 88 62 11 63 90 30 76 79 78 81 51 20 10 82 83 96 98 100 97 95 13 0
5 563 261 301.7 1 5 0 29 33 61 14 42 15 57 41 22 53 73 74 21 56 4 25 54 80 68 3 77 70 0

