Instance Name: R204a
Qty_Routes: 5 Total_Distance: 1182.8 Total_Cost: 2654.4
List of ROUTES:
#  Cost Demand Distance k f Clients
1 509 300 197.7 1 3 0 94 95 92 98 93 85 91 61 46 86 38 43 87 100 13 97 58 40 0
2 536 299 234.2 1 4 0 69 30 51 9 81 33 79 80 34 35 71 65 66 63 64 49 36 19 31 0
3 509 300 199.8 1 3 0 96 18 89 27 28 1 78 68 24 54 39 67 23 75 22 72 53 0
4 536 300 229.7 1 4 0 26 12 50 3 29 20 32 90 10 62 11 47 48 82 8 45 17 84 83 60 37 6 52 0
5 564.4 259 321.4 1 6 0 59 5 16 44 14 42 15 57 76 99 2 41 73 74 21 4 55 25 56 77 70 88 7 0

