Instance Name: RC102a
Qty_Routes: 44 Total_Distance: 3592.2 Total_Cost: 3279
List of ROUTES:
#  Cost Demand Distance k f Clients
1 83 40 127.1 1 4 0 33 27 28 0
2 83 40 117.6 1 4 0 32 26 0
3 83 40 109.7 1 4 0 30 29 31 0
4 83 39 127.6 1 4 0 52 87 75 77 0
5 76 40 97.3 1 3 0 48 21 25 0
6 83 39 100.8 1 4 0 59 58 0
7 76 40 90.9 1 3 0 23 20 0
8 76 40 92.6 1 3 0 18 49 24 0
9 76 40 86 1 3 0 36 0
10 76 40 94.3 1 3 0 43 35 0
11 76 40 85 1 3 0 14 47 16 0
12 76 39 91.4 1 3 0 85 63 76 0
13 76 40 80.9 1 3 0 42 40 0
14 76 39 94.8 1 3 0 67 34 0
15 76 40 80.7 1 3 0 12 17 0
16 76 40 83.8 1 3 0 6 5 0
17 83 40 129.5 1 4 0 73 97 0
18 76 40 82.2 1 3 0 15 9 0
19 76 40 88.6 1 3 0 3 45 8 46 0
20 83 40 109.6 1 4 0 79 13 0
21 76 40 75.3 1 3 0 39 38 0
22 76 40 87.6 1 3 0 7 1 0
23 83 39 114.8 1 4 0 62 86 74 0
24 76 39 78 1 3 0 95 50 93 0
25 76 40 72.2 1 3 0 4 0
26 76 40 86 1 3 0 44 37 41 0
27 68 40 67 1 2 0 11 0
28 76 40 80 1 3 0 19 0
29 76 40 70 1 3 0 22 0
30 76 38 87.5 1 3 0 53 10 100 0
31 68 38 63.1 1 2 0 71 72 54 0
32 83 39 111.4 1 4 0 83 89 0
33 68 40 63.3 1 2 0 64 57 0
34 68 39 68.2 1 2 0 98 2 0
35 68 36 54 1 2 0 88 60 0
36 68 40 48.3 1 2 0 65 82 99 0
37 76 36 86.5 1 3 0 61 78 0
38 60 37 38.3 1 1 0 92 94 0
39 68 39 44 1 2 0 55 70 0
40 60 36 34.7 1 1 0 81 96 0
41 68 37 69.7 1 2 0 51 84 0
42 68 38 42.3 1 2 0 90 91 56 0
43 60 40 33.6 1 1 0 69 80 0
44 68 37 46 1 2 0 66 68 0

