Instance Name: RC202a
Qty_Routes: 18 Total_Distance: 1928.4 Total_Cost: 3118
List of ROUTES:
#  Cost Demand Distance k f Clients
1 178 100 126.3 1 2 0 33 28 29 31 30 32 34 0
2 178 100 138.1 1 2 0 85 63 26 27 50 62 67 0
3 178 100 134.1 1 2 0 52 59 97 75 58 77 0
4 204 100 147.2 1 3 0 95 76 18 48 21 25 93 0
5 178 100 100.2 1 2 0 47 16 11 9 13 0
6 178 98 116 1 2 0 19 23 20 24 74 0
7 178 100 100.2 1 2 0 45 6 7 5 2 0
8 178 100 134.5 1 2 0 90 51 22 49 89 0
9 178 100 99.5 1 2 0 42 38 40 37 35 0
10 178 100 100.8 1 2 0 14 15 10 17 12 0
11 178 99 119.7 1 2 0 82 53 73 79 8 46 3 1 0
12 178 99 134.7 1 2 0 64 86 87 57 99 100 0
13 178 99 85.9 1 2 0 88 60 4 70 0
14 178 100 109.7 1 2 0 39 36 44 41 43 0
15 150 100 74.9 1 1 0 96 94 71 72 54 80 0
16 150 100 75 1 1 0 69 98 78 55 68 0
17 150 94 73.7 1 1 0 91 92 84 56 83 66 0
18 150 35 57.9 1 1 0 65 81 61 0

