Instance Name: RC105a
Qty_Routes: 44 Total_Distance: 3627.7 Total_Cost: 3282.8
List of ROUTES:
#  Cost Demand Distance k f Clients
1 83 40 127.1 1 4 0 33 27 28 0
2 83 40 109.2 1 4 0 31 29 32 0
3 85.8 39 132.8 1 5 0 85 18 48 77 0
4 83 38 115.2 1 4 0 59 75 52 0
5 83 40 117.5 1 4 0 30 26 0
6 83 40 129.5 1 4 0 73 97 0
7 76 40 95.6 1 3 0 20 21 25 0
8 76 40 90.1 1 3 0 23 24 0
9 76 40 94.3 1 3 0 43 35 0
10 83 40 112.4 1 4 0 95 62 63 89 0
11 76 40 86 1 3 0 36 0
12 76 40 81.4 1 3 0 38 37 0
13 76 39 94.8 1 3 0 67 34 0
14 83 39 119.8 1 4 0 76 74 0
15 76 40 85 1 3 0 14 47 16 0
16 76 40 80.7 1 3 0 12 17 0
17 76 40 80.9 1 3 0 42 40 0
18 76 40 84.7 1 3 0 1 3 46 0
19 76 40 80 1 3 0 19 0
20 76 40 96 1 3 0 45 79 0
21 76 33 99.7 1 3 0 87 58 0
22 76 40 78.5 1 3 0 2 8 0
23 76 40 79.9 1 3 0 39 44 41 0
24 76 40 86.9 1 3 0 7 5 0
25 76 38 94.5 1 3 0 86 49 0
26 76 40 82.2 1 3 0 15 9 0
27 76 40 76.8 1 3 0 10 13 0
28 68 40 67 1 2 0 11 0
29 76 40 85.3 1 3 0 6 60 100 0
30 76 40 72.2 1 3 0 4 0
31 68 38 63.1 1 2 0 71 72 54 0
32 76 40 87.1 1 3 0 51 84 93 0
33 68 40 59.1 1 2 0 82 83 64 0
34 68 36 65.1 1 2 0 98 78 0
35 76 40 79.8 1 3 0 81 50 0
36 76 40 70 1 3 0 22 0
37 68 38 54.3 1 2 0 90 61 70 0
38 68 40 55 1 2 0 88 53 55 0
39 68 40 41.5 1 2 0 92 96 0
40 68 38 58.2 1 2 0 99 57 0
41 60 32 30.9 1 1 0 65 66 0
42 60 40 33.6 1 1 0 69 80 0
43 60 36 39.1 1 1 0 94 91 0
44 68 40 54.9 1 2 0 56 68 0

