Instance Name: R208a
Qty_Routes: 5 Total_Distance: 1122 Total_Cost: 2626
List of ROUTES:
#  Cost Demand Distance k f Clients
1 536 300 232.2 1 4 0 27 26 12 76 50 78 68 24 39 67 23 25 4 21 74 73 58 13 91 0
2 509 300 184.3 1 3 0 46 59 93 98 85 61 16 44 86 38 14 43 15 42 100 37 97 95 0
3 509 300 196.6 1 3 0 31 47 19 62 10 90 32 30 9 71 66 65 35 34 81 79 0
4 536 300 257.3 1 4 0 94 60 17 45 82 48 36 49 64 11 63 70 20 51 33 3 77 29 54 55 72 22 0
5 536 258 251.6 1 4 0 69 1 80 28 92 53 40 56 75 41 57 2 87 96 99 5 84 83 8 18 7 88 52 89 6 0

