Instance Name: R209a
Qty_Routes: 5 Total_Distance: 1226.1 Total_Cost: 2681.3
List of ROUTES:
#  Cost Demand Distance k f Clients
1 591.3 300 348.3 1 6 0 88 62 11 19 47 36 64 63 90 51 9 71 33 78 34 35 65 66 20 32 10 70 1 24 91 0
2 509 300 194.8 1 3 0 95 92 98 85 61 16 44 42 14 38 86 17 84 45 8 46 49 48 0
3 536 298 233.6 1 4 0 6 53 2 15 41 22 75 73 56 74 23 67 39 25 55 4 54 80 68 77 50 60 0
4 509 300 194 1 3 0 69 52 83 5 99 59 40 21 72 58 87 57 43 100 37 97 93 96 13 89 0
5 536 260 255.4 1 4 0 27 28 12 76 29 79 31 82 18 7 30 81 94 3 26 0

