Instance Name: C103c
Qty_Routes: 19 Total_Distance: 1508.4 Total_Cost: 1020
List of ROUTES:
#  Cost Demand Distance k f Clients
1 73 100 125.6 1 4 0 78 76 73 70 77 79 80 0
2 73 100 121.3 1 4 0 90 86 83 82 71 81 0
3 73 100 101.5 1 4 0 55 59 60 56 58 0
4 59 100 91.2 1 3 0 57 53 54 0
5 59 100 92.5 1 3 0 96 97 92 94 95 0
6 59 100 98.2 1 3 0 91 98 93 100 99 0
7 59 100 91.7 1 3 0 35 37 38 39 36 29 0
8 59 100 90.6 1 3 0 12 14 16 19 18 0
9 59 100 80.9 1 3 0 13 17 15 9 0
10 59 100 86.3 1 3 0 52 50 45 48 51 31 32 0
11 59 100 81.8 1 3 0 34 33 27 30 26 23 0
12 45 90 64.9 1 2 0 89 85 84 88 0
13 59 100 96.2 1 3 0 67 87 75 1 11 4 3 5 0
14 45 100 68 1 2 0 65 62 72 61 64 68 66 69 43 0
15 45 100 53.3 1 2 0 42 41 40 44 46 47 49 0
16 45 100 58.1 1 2 0 7 2 8 10 6 0
17 30 100 39.7 1 1 0 63 74 0
18 30 100 36.6 1 1 0 21 28 25 22 0
19 30 20 30 1 1 0 20 24 0

