Instance Name: C108b
Qty_Routes: 19 Total_Distance: 1489.4 Total_Cost: 1578.8
List of ROUTES:
#  Cost Demand Distance k f Clients
1 103 100 119.3 1 4 0 81 78 76 71 73 79 0
2 104.8 100 131.8 1 5 0 87 83 82 70 77 80 0
3 89 100 99.5 1 3 0 53 56 58 60 0
4 89 100 90.9 1 3 0 33 35 37 39 36 0
5 89 100 92.5 1 3 0 96 93 92 97 0
6 89 100 90.9 1 3 0 95 94 100 99 2 0
7 89 100 83.5 1 3 0 57 55 54 59 0
8 89 100 89.6 1 3 0 15 19 16 14 0
9 89 100 89.6 1 3 0 32 31 38 34 0
10 89 100 92.7 1 3 0 18 17 13 12 9 0
11 75 100 64.5 1 2 0 86 84 85 88 89 0
12 75 100 62.4 1 2 0 40 46 44 45 48 51 50 52 0
13 75 100 53.6 1 2 0 74 72 61 64 68 69 0
14 89 80 97.3 1 3 0 90 98 91 4 1 75 0
15 75 100 51.9 1 2 0 5 3 7 8 11 10 6 0
16 75 80 55.7 1 2 0 43 41 42 47 49 21 0
17 75 100 46.5 1 2 0 25 29 30 28 22 0
18 60 50 37.4 1 1 0 20 24 27 26 23 0
19 60 100 39.8 1 1 0 67 65 63 62 66 0

