Instance Name: R203a
Qty_Routes: 5 Total_Distance: 1773 Total_Cost: 3030.5
List of ROUTES:
#  Cost Demand Distance k f Clients
1 563 300 300.4 1 5 0 94 46 5 85 91 86 38 75 67 54 79 66 35 68 0
2 563 299 297.1 1 5 0 81 65 20 36 11 63 64 49 48 82 61 100 13 59 95 72 0
3 656.4 299 413.4 1 6 0 92 90 1 69 31 18 7 47 19 62 88 32 30 71 9 34 78 24 41 56 74 73 21 55 25 2 98 60 0
4 597.7 300 354.7 1 6 0 50 89 83 45 96 42 16 44 15 23 22 87 97 37 17 93 14 43 26 3 51 0
5 650.4 260 407.4 1 6 0 52 27 33 29 39 76 40 99 8 84 6 53 10 4 57 58 12 80 77 70 28 0

