Instance Name: RC107a
Qty_Routes: 44 Total_Distance: 3597.8 Total_Cost: 3279.5
List of ROUTES:
#  Cost Demand Distance k f Clients
1 83 40 122.9 1 4 0 27 28 33 0
2 83 40 117.6 1 4 0 32 26 0
3 83 38 115.8 1 4 0 52 59 75 0
4 83 40 109.7 1 4 0 30 29 31 0
5 83 38 111.5 1 4 0 85 63 34 0
6 83 40 129.5 1 4 0 73 97 0
7 83 40 113.1 1 4 0 25 58 0
8 76 40 96 1 3 0 21 18 48 0
9 83.5 38 130.5 1 5 0 20 89 93 0
10 76 40 91.2 1 3 0 49 23 0
11 76 40 96.2 1 3 0 95 62 76 0
12 76 40 86 1 3 0 36 0
13 83 39 107.8 1 4 0 83 24 77 74 0
14 76 40 89.6 1 3 0 47 17 13 0
15 76 40 80.9 1 3 0 42 40 0
16 76 40 80 1 3 0 19 0
17 76 40 82.5 1 3 0 15 16 0
18 76 40 87.6 1 3 0 3 5 8 0
19 76 38 87.4 1 3 0 53 9 87 0
20 76 40 96 1 3 0 45 79 0
21 76 40 89.3 1 3 0 37 43 44 0
22 76 40 75.3 1 3 0 39 38 0
23 76 40 87.6 1 3 0 7 1 0
24 76 40 74.4 1 3 0 2 46 0
25 76 40 97.3 1 3 0 78 14 100 0
26 68 40 67 1 2 0 11 0
27 68 37 69.7 1 2 0 84 51 0
28 76 40 72.2 1 3 0 4 0
29 76 37 75.9 1 3 0 12 60 0
30 76 40 88.5 1 3 0 41 35 0
31 68 37 66.9 1 2 0 82 86 0
32 76 40 82.3 1 3 0 67 71 72 61 0
33 68 39 65.7 1 2 0 98 10 0
34 68 36 45.7 1 2 0 56 64 0
35 68 38 58.2 1 2 0 57 99 0
36 76 40 79.8 1 3 0 81 50 0
37 76 40 70 1 3 0 22 0
38 68 39 69.2 1 2 0 6 88 0
39 60 37 38.3 1 1 0 94 92 0
40 60 38 31.2 1 1 0 90 65 66 0
41 68 39 40.9 1 2 0 96 91 0
42 68 39 44 1 2 0 70 55 0
43 68 37 43 1 2 0 54 68 0
44 60 40 33.6 1 1 0 69 80 0

