Instance Name: R103a
Qty_Routes: 36 Total_Distance: 2575.7 Total_Cost: 2874.9
List of ROUTES:
#  Cost Demand Distance k f Clients
1 103 49 112 2 4 0 71 65 35 80 0
2 113.9 49 140.9 2 5 0 19 64 46 17 16 91 0
3 103 50 112.7 2 4 0 36 49 63 7 0
4 103 50 127.2 2 4 0 92 75 67 55 24 0
5 96 49 88.9 2 3 0 14 38 61 0
6 96 49 96.4 2 3 0 30 90 66 0
7 103 50 102.2 2 4 0 23 22 60 0
8 96 50 87 2 3 0 33 9 34 29 0
9 96 50 86.5 2 3 0 42 98 86 0
10 71 30 124.1 1 4 0 44 43 70 0
11 122 50 149 2 5 0 47 78 3 2 0
12 58 29 68.3 1 2 0 69 32 0
13 88 50 68.4 2 2 0 39 4 0
14 96 47 70.3 2 3 0 62 11 10 0
15 64 30 88.2 1 3 0 54 56 25 0
16 64 30 97.9 1 3 0 83 20 51 0
17 96 50 93 2 3 0 57 15 41 37 93 0
18 88 50 65.9 2 2 0 45 8 82 52 0
19 88 48 57.5 2 2 0 18 48 0
20 64 29 77.2 1 3 0 81 6 0
21 88 50 69.4 2 2 0 31 79 0
22 58 28 49.7 1 2 0 21 74 73 0
23 88 50 63.5 2 2 0 5 84 100 0
24 88 50 46.2 2 2 0 99 85 0
25 88 48 52.9 2 2 0 13 72 0
26 88 50 46.1 2 2 0 68 77 0
27 50 25 39.2 1 1 0 27 88 0
28 50 26 36.8 1 1 0 87 0
29 50 28 35.6 1 1 0 59 0
30 50 30 38.4 1 1 0 97 58 0
31 50 26 38.1 1 1 0 50 76 0
32 50 26 33.2 1 1 0 89 96 0
33 50 26 33.5 1 1 0 28 1 0
34 88 45 40.4 2 2 0 40 26 12 0
35 80 47 30.1 2 1 0 94 95 0
36 50 14 9 1 1 0 53 0

