Instance Name: R207c
Qty_Routes: 11 Total_Distance: 1156.1 Total_Cost: 645
List of ROUTES:
#  Cost Demand Distance k f Clients
1 75 177 136.5 1 2 0 28 50 33 81 34 71 65 35 66 20 51 1 0
2 75 176 139.5 1 2 0 89 83 45 46 47 36 64 49 19 48 52 0
3 75 204 139.5 1 2 0 29 24 54 39 67 23 56 75 22 41 74 72 73 0
4 75 291 139.8 1 2 0 97 42 15 43 14 38 86 44 16 61 91 100 85 93 98 37 59 96 0
5 45 106 79.9 1 1 0 69 30 32 90 63 10 31 0
6 45 89 79.6 1 1 0 27 88 62 11 7 82 18 0
7 45 99 79.9 1 1 0 76 68 80 55 25 4 26 0
8 45 69 79.3 1 1 0 9 78 79 77 3 0
9 45 47 78.1 1 1 0 60 8 84 17 5 0
10 45 144 79.8 1 1 0 53 21 2 57 87 99 95 13 94 0
11 75 56 124.2 1 2 0 92 6 40 70 12 58 0

