Instance Name: RC206a
Qty_Routes: 18 Total_Distance: 1910.8 Total_Cost: 3118
List of ROUTES:
#  Cost Demand Distance k f Clients
1 178 100 131.3 1 2 0 33 31 26 32 34 0
2 204 100 155.8 1 3 0 67 62 63 30 28 27 29 50 85 0
3 178 100 138.1 1 2 0 52 23 21 18 48 77 58 0
4 178 100 125.6 1 2 0 59 75 97 10 0
5 178 99 136.5 1 2 0 19 76 89 93 0
6 178 100 99.2 1 2 0 36 40 35 37 0
7 178 98 115.1 1 2 0 22 20 49 25 24 74 0
8 178 100 86.8 1 2 0 11 15 16 17 0
9 178 100 107.7 1 2 0 7 5 45 46 6 1 0
10 178 99 99.3 1 2 0 61 2 8 4 3 0
11 178 97 121.9 1 2 0 12 14 47 73 78 53 60 100 0
12 178 100 98.7 1 2 0 42 39 41 38 44 43 0
13 178 97 104.1 1 2 0 82 88 79 70 55 0
14 178 100 99.7 1 2 0 90 57 86 87 9 13 0
15 150 100 78.9 1 1 0 83 64 51 84 56 91 0
16 150 99 75.8 1 1 0 92 95 94 71 54 96 0
17 150 96 73.9 1 1 0 69 98 65 99 66 80 0
18 150 39 62.4 1 1 0 72 81 68 0

