Instance Name: R110a
Qty_Routes: 33 Total_Distance: 2583.5 Total_Cost: 2877
List of ROUTES:
#  Cost Demand Distance k f Clients
1 114.3 50 141.3 2 5 0 25 55 34 35 65 0
2 103 49 128 2 4 0 30 90 19 36 46 17 0
3 103 49 105.9 2 4 0 63 64 49 0
4 103 46 121.8 2 4 0 29 78 71 9 24 0
5 103 46 128.9 2 4 0 23 38 91 0
6 96 48 89.6 2 3 0 75 22 43 42 0
7 96 50 97 2 3 0 80 70 32 10 0
8 96 49 99.8 2 3 0 7 62 66 0
9 88 50 68.4 2 2 0 4 39 0
10 103 46 123.6 2 4 0 33 11 45 84 0
11 96 48 70.9 2 3 0 61 86 0
12 103 47 108.3 2 4 0 92 44 47 0
13 96 50 90.8 2 3 0 41 14 93 6 0
14 107.7 49 134.7 2 5 0 83 82 51 20 60 0
15 88 45 63.5 2 2 0 8 48 0
16 96 50 89.2 2 3 0 72 67 0
17 88 49 59.5 2 2 0 79 81 0
18 96 50 88.1 2 3 0 98 100 15 57 74 0
19 88 49 48.7 2 2 0 85 37 0
20 103 46 102.4 2 4 0 73 56 3 54 0
21 96 50 71.7 2 3 0 5 52 88 69 0
22 88 50 46.1 2 2 0 77 68 0
23 88 45 65.7 2 2 0 16 87 0
24 88 49 65.9 2 2 0 40 21 12 1 0
25 88 48 59.9 2 2 0 2 95 99 97 0
26 88 50 55.7 2 2 0 31 13 0
27 58 28 48.7 1 2 0 76 89 0
28 50 27 24 1 1 0 94 0
29 58 28 49.7 1 2 0 96 26 0
30 50 30 18 1 1 0 28 53 0
31 50 29 35.9 1 1 0 50 27 0
32 58 30 46.2 1 2 0 18 58 0
33 50 28 35.6 1 1 0 59 0

