Instance Name: R210c
Qty_Routes: 9 Total_Distance: 1229.7 Total_Cost: 670
List of ROUTES:
#  Cost Demand Distance k f Clients
1 75 136 139.4 1 2 0 33 51 71 65 35 66 20 32 70 1 0
2 75 160 139.8 1 2 0 52 48 47 36 11 63 64 49 19 7 0
3 75 208 139.7 1 2 0 39 67 23 56 75 22 41 74 72 4 25 54 0
4 75 294 138.5 1 2 0 2 15 42 14 38 86 44 16 61 91 85 93 98 100 37 59 96 89 0
5 131 297 256.3 1 4 0 28 12 76 50 31 88 90 30 79 81 9 78 29 55 21 80 68 24 34 3 77 0
6 45 53 79.1 1 1 0 83 45 46 8 82 0
7 45 85 78.6 1 1 0 95 92 87 43 57 13 0
8 104 195 198.5 1 3 0 69 62 27 40 73 6 99 18 60 84 17 5 97 94 58 26 0
9 45 30 59.8 1 1 0 53 10 0

