Instance Name: C205a
Qty_Routes: 5 Total_Distance: 990.4 Total_Cost: 5331.4
List of ROUTES:
#  Cost Demand Distance k f Clients
1 1059 400 192.9 1 3 0 67 63 74 61 64 72 86 88 83 82 85 76 71 70 73 79 80 81 77 87 90 0
2 1059 400 175.1 1 3 0 93 5 75 2 1 99 100 97 94 92 95 98 7 3 4 91 89 17 25 10 8 0
3 1059 400 155.1 1 3 0 22 27 30 29 6 32 33 35 37 38 39 36 28 26 23 16 15 13 21 0
4 1030 400 135.9 1 2 0 66 69 68 65 49 55 54 53 56 58 60 59 57 40 44 46 45 51 50 52 47 42 41 43 48 0
5 1124.4 210 331.4 1 6 0 62 20 24 31 34 84 18 19 14 12 9 11 78 96 0

