Instance Name: C201b
Qty_Routes: 5 Total_Distance: 849.2 Total_Cost: 1264
List of ROUTES:
#  Cost Demand Distance k f Clients
1 259 400 181 1 3 0 93 5 75 4 89 91 88 84 86 83 82 85 76 71 70 73 80 79 81 78 77 87 90 0
2 230 400 133.8 1 2 0 67 66 69 68 65 49 55 54 53 56 58 60 59 57 40 44 46 45 51 50 47 43 42 41 48 0
3 259 400 182.2 1 3 0 2 1 99 100 97 92 94 95 98 7 3 16 14 12 17 13 9 11 10 8 21 0
4 286 380 224.6 1 4 0 20 22 24 27 30 29 6 32 33 31 35 37 38 39 36 34 28 26 23 18 19 52 96 0
5 230 230 127.6 1 2 0 63 62 74 72 61 64 15 25 0

