Instance Name: RC106a
Qty_Routes: 44 Total_Distance: 3636.6 Total_Cost: 3270.1
List of ROUTES:
#  Cost Demand Distance k f Clients
1 83 39 115.4 1 4 0 52 75 58 0
2 83 40 118.3 1 4 0 30 28 29 32 0
3 83 40 114.3 1 4 0 27 31 0
4 83 40 129.5 1 4 0 73 97 0
5 85.8 39 132.8 1 5 0 85 18 48 77 0
6 84 38 131 1 5 0 62 33 89 0
7 85.3 39 132.3 1 5 0 63 26 93 0
8 76 40 92 1 3 0 21 23 0
9 76 40 92.8 1 3 0 20 25 24 0
10 83 40 127.3 1 4 0 95 76 100 0
11 76 40 88.8 1 3 0 87 59 74 0
12 76 39 94.8 1 3 0 67 34 0
13 76 40 85 1 3 0 14 47 16 0
14 76 40 86 1 3 0 36 0
15 76 40 81.4 1 3 0 38 37 0
16 76 40 83.8 1 3 0 5 6 0
17 76 40 80 1 3 0 19 0
18 76 40 80.7 1 3 0 12 17 0
19 76 40 82.2 1 3 0 9 15 0
20 76 40 95.3 1 3 0 7 3 8 0
21 76 40 80.9 1 3 0 42 40 0
22 76 40 94.3 1 3 0 35 43 0
23 76 40 76.8 1 3 0 10 13 0
24 76 38 94.5 1 3 0 86 49 0
25 76 40 76.9 1 3 0 44 39 41 0
26 76 40 96 1 3 0 45 79 0
27 76 38 94.1 1 3 0 72 50 0
28 76 39 93.4 1 3 0 61 46 1 0
29 76 40 72.2 1 3 0 4 0
30 68 37 69.7 1 2 0 84 51 0
31 76 40 70 1 3 0 22 0
32 68 39 68.2 1 2 0 98 2 0
33 68 36 54 1 2 0 88 60 0
34 68 40 59.1 1 2 0 82 83 64 0
35 68 38 58.2 1 2 0 99 57 0
36 68 40 57.5 1 2 0 81 71 54 0
37 68 39 44 1 2 0 55 70 0
38 68 40 67 1 2 0 11 0
39 60 37 38.3 1 1 0 92 94 0
40 68 39 40.9 1 2 0 91 96 0
41 68 38 67.5 1 2 0 90 53 78 0
42 60 40 33.6 1 1 0 69 80 0
43 60 32 30.9 1 1 0 65 66 0
44 68 40 54.9 1 2 0 68 56 0

