Instance Name: R105a
Qty_Routes: 30 Total_Distance: 2422.3 Total_Cost: 2818.6
List of ROUTES:
#  Cost Demand Distance k f Clients
1 103 49 118.8 2 4 0 67 55 4 24 0
2 103 48 115.5 2 4 0 65 71 35 70 0
3 103 50 113 2 4 0 19 49 46 17 0
4 113.6 49 140.6 2 5 0 36 64 90 20 32 0
5 96 50 94.2 2 3 0 69 30 78 34 80 0
6 103 50 117.9 2 4 0 23 6 100 91 0
7 103 48 127.7 2 4 0 92 82 7 66 0
8 103 50 113.3 2 4 0 63 11 88 10 60 0
9 96 50 96.8 2 3 0 45 47 84 0
10 96 48 70.9 2 3 0 61 86 0
11 103 50 120.8 2 4 0 42 15 75 41 57 43 0
12 96 50 75.7 2 3 0 33 51 9 3 0
13 96 45 97.5 2 3 0 83 44 38 0
14 96 47 96.2 2 3 0 73 22 56 74 25 0
15 88 50 67.9 2 2 0 14 37 93 0
16 96 49 74.1 2 3 0 39 54 0
17 88 48 64.6 2 2 0 28 29 79 0
18 88 49 59.7 2 2 0 81 50 1 0
19 88 50 61.4 2 2 0 5 8 89 0
20 88 49 59.9 2 2 0 95 98 16 0
21 88 50 46.2 2 2 0 99 85 0
22 88 50 46.1 2 2 0 68 77 0
23 80 49 36.9 2 1 0 87 13 0
24 88 44 54.3 2 2 0 27 52 62 0
25 88 48 57.5 2 2 0 18 48 0
26 88 50 57.2 2 2 0 31 40 53 0
27 88 46 65.2 2 2 0 59 2 96 0
28 88 49 64.9 2 2 0 12 97 58 0
29 88 44 42.4 2 2 0 94 26 0
30 88 49 65.1 2 2 0 72 21 76 0

