Instance Name: R202c
Qty_Routes: 10 Total_Distance: 1329.4 Total_Cost: 742
List of ROUTES:
#  Cost Demand Distance k f Clients
1 75 168 139.7 1 2 0 27 50 33 65 71 66 35 34 3 77 12 0
2 75 153 134.9 1 2 0 52 7 48 47 36 64 49 46 82 89 0
3 75 208 139.7 1 2 0 39 67 23 41 22 56 75 74 72 4 54 80 0
4 75 270 139.6 1 2 0 42 15 14 44 38 16 61 86 91 100 85 93 59 94 0
5 45 55 79.9 1 1 0 62 63 90 32 0
6 45 73 79.8 1 1 0 53 40 2 57 43 37 98 96 0
7 45 71 78.4 1 1 0 69 31 88 11 19 0
8 131 265 258.4 1 4 0 28 1 30 29 76 79 81 51 9 78 20 10 68 24 55 25 21 26 58 0
9 45 65 76.4 1 1 0 83 45 84 17 5 60 0
10 131 130 202.6 1 4 0 95 92 73 99 18 8 87 6 97 13 70 0

