Instance Name: RC101b
Qty_Routes: 30 Total_Distance: 2412.6 Total_Cost: 1070.2
List of ROUTES:
#  Cost Demand Distance k f Clients
1 56.9 80 132.9 2 5 0 27 28 30 26 32 0
2 54.8 74 130.8 2 5 0 52 75 97 58 0
3 54 70 115.1 2 4 0 33 29 31 34 0
4 47 70 98 2 3 0 23 21 18 48 0
5 55.5 70 131.5 2 5 0 95 63 76 85 89 0
6 54 80 109.2 2 4 0 36 43 35 0
7 47 68 96.1 2 3 0 59 87 86 74 0
8 47 80 99.6 2 3 0 47 15 16 17 13 0
9 47 80 92 2 3 0 5 6 4 0
10 47 80 90.2 2 3 0 42 40 38 37 0
11 47 80 89.9 2 3 0 2 8 46 3 1 0
12 54 78 107.5 2 4 0 11 73 79 100 0
13 54 77 119.4 2 4 0 19 20 25 77 0
14 28 35 91.8 1 3 0 45 7 53 0
15 47 79 89.5 2 3 0 51 49 22 24 0
16 47 80 85.2 2 3 0 14 12 9 10 0
17 28 40 79.9 1 3 0 39 44 41 0
18 20 40 66.4 1 2 0 62 84 56 0
19 20 38 66.9 1 2 0 72 71 54 0
20 20 38 58.2 1 2 0 99 57 0
21 39 63 69 2 2 0 88 78 60 0
22 28 39 71.2 1 3 0 67 50 0
23 20 32 46.2 1 2 0 61 70 0
24 20 40 48 1 2 0 92 94 93 0
25 20 37 50.3 1 2 0 83 64 90 0
26 12 32 30.9 1 1 0 65 66 0
27 12 36 34.7 1 1 0 81 96 0
28 12 37 34.1 1 1 0 55 68 0
29 12 36 28.3 1 1 0 69 98 0
30 20 35 49.8 1 2 0 82 91 80 0

