Instance Name: R101b
Qty_Routes: 32 Total_Distance: 2228.7 Total_Cost: 855.3
List of ROUTES:
#  Cost Demand Distance k f Clients
1 61.8 79 139.8 3 5 0 65 71 9 34 35 80 0
2 39 49 129.8 2 4 0 36 64 49 70 0
3 45 79 92 3 3 0 72 23 67 0
4 52 79 111.7 3 4 0 14 44 38 43 91 100 0
5 32 49 96.4 2 3 0 30 90 66 0
6 52 78 122.1 3 4 0 47 19 8 46 17 93 0
7 45 79 84.3 3 3 0 92 5 61 86 60 0
8 52 80 109.9 3 4 0 63 62 11 10 32 0
9 24 50 68.4 2 2 0 39 4 0
10 32 50 98.2 2 3 0 81 54 25 0
11 24 30 71.7 1 3 0 33 51 20 0
12 24 28 93.5 1 3 0 29 78 3 24 0
13 30.5 30 130.5 1 5 0 42 79 55 0
14 45 68 94.5 3 3 0 59 15 22 56 74 0
15 37 78 62.4 3 2 0 98 16 85 37 0
16 24 49 68.5 2 2 0 45 83 84 89 0
17 24 46 68.7 2 2 0 75 41 13 0
18 24 50 60.6 2 2 0 88 7 48 0
19 18 28 47.7 1 2 0 82 18 0
20 24 45 57.9 2 2 0 21 73 57 58 0
21 24 50 46.1 2 2 0 68 77 0
22 10 26 36.8 1 1 0 87 0
23 10 30 38.6 1 1 0 2 40 53 0
24 10 27 35 1 1 0 31 0
25 10 29 37.8 1 1 0 95 99 0
26 16 39 35.3 2 1 0 94 97 0
27 10 26 38.1 1 1 0 76 50 0
28 10 30 38.6 1 1 0 27 6 96 0
29 10 26 33.5 1 1 0 28 1 0
30 16 36 33.3 2 1 0 12 26 0
31 10 6 24.4 1 1 0 69 0
32 10 9 22.6 1 1 0 52 0

