Instance Name: C109b
Qty_Routes: 19 Total_Distance: 1505 Total_Cost: 1591.6
List of ROUTES:
#  Cost Demand Distance k f Clients
1 103.6 100 130.6 1 5 0 81 71 70 76 73 0
2 103 100 122.3 1 4 0 87 86 82 78 77 79 80 0
3 89 100 99.5 1 3 0 53 56 58 60 0
4 89 100 92.5 1 3 0 96 93 92 97 0
5 89 100 83.5 1 3 0 57 55 54 59 0
6 89 100 89.6 1 3 0 15 19 16 14 0
7 89 100 86.7 1 3 0 33 37 38 35 0
8 89 100 91.8 1 3 0 13 17 18 12 9 0
9 89 100 80.6 1 3 0 7 6 2 100 99 0
10 89 100 92.3 1 3 0 31 32 34 39 36 0
11 89 100 93.4 1 3 0 98 95 94 85 91 0
12 89 100 79.5 1 3 0 90 83 84 88 89 75 0
13 75 100 62.4 1 2 0 40 46 44 45 48 51 50 52 0
14 75 100 46.3 1 2 0 25 29 30 28 21 0
15 60 100 39.7 1 1 0 63 74 0
16 75 100 55.6 1 2 0 67 65 62 72 61 64 68 66 69 0
17 75 90 66.3 1 2 0 20 43 41 42 47 49 22 0
18 60 40 37.4 1 1 0 24 27 26 23 0
19 75 80 55 1 2 0 5 3 10 11 8 4 1 0

