Instance Name: RC205a
Qty_Routes: 18 Total_Distance: 1903.6 Total_Cost: 3116
List of ROUTES:
#  Cost Demand Distance k f Clients
1 178 100 138.7 1 2 0 33 30 27 28 26 29 32 0
2 204 100 153.8 1 3 0 52 59 75 97 77 58 0
3 178 100 136.5 1 2 0 95 85 63 76 89 48 25 0
4 178 100 108.8 1 2 0 62 50 34 31 71 93 0
5 178 100 100.4 1 2 0 23 18 21 19 0
6 178 100 99.2 1 2 0 36 40 35 37 0
7 204 100 152.3 1 3 0 14 15 16 47 53 73 17 13 0
8 178 100 100 1 2 0 7 45 46 8 5 3 1 0
9 178 98 101 1 2 0 98 88 6 79 60 100 0
10 178 100 122.1 1 2 0 90 99 86 9 87 74 24 0
11 178 99 107 1 2 0 72 39 42 44 41 43 68 0
12 150 93 79.4 1 1 0 64 22 20 49 66 0
13 178 100 126.3 1 2 0 61 38 67 81 54 96 0
14 150 93 74.4 1 1 0 2 4 70 0
15 150 99 72.5 1 1 0 82 12 11 10 0
16 150 96 74.5 1 1 0 92 84 51 56 91 80 0
17 178 96 104.1 1 2 0 65 83 57 78 55 0
18 150 50 52.6 1 1 0 69 94 0

