Instance Name: C105a
Qty_Routes: 19 Total_Distance: 1553.6 Total_Cost: 6180
List of ROUTES:
#  Cost Demand Distance k f Clients
1 343 100 127.1 1 4 0 76 71 70 73 77 79 80 0
2 329 100 97.8 1 3 0 55 56 58 60 68 0
3 329 100 94.8 1 3 0 98 92 97 100 99 0
4 343 100 117.4 1 4 0 81 78 83 82 89 91 0
5 329 100 97.2 1 3 0 90 96 95 94 93 0
6 329 100 91.2 1 3 0 32 31 35 38 36 0
7 329 100 91 1 3 0 57 54 53 0
8 329 100 85.3 1 3 0 33 37 39 34 0
9 329 100 91.9 1 3 0 18 19 15 14 12 0
10 329 100 89 1 3 0 13 17 16 23 0
11 329 100 80.2 1 3 0 3 86 84 85 88 0
12 329 100 82.3 1 3 0 43 42 46 59 64 66 69 0
13 329 100 81.4 1 3 0 87 63 62 72 0
14 315 100 59.1 1 2 0 41 40 44 45 48 51 50 52 49 47 0
15 315 100 48.4 1 2 0 20 24 25 27 29 30 26 0
16 315 100 52.8 1 2 0 7 11 9 2 1 75 0
17 315 100 69.4 1 2 0 67 65 74 61 22 0
18 315 90 61.9 1 2 0 5 8 10 6 4 21 0
19 300 20 35.4 1 1 0 28 0

