Instance Name: C204a
Qty_Routes: 5 Total_Distance: 933.6 Total_Cost: 5320
List of ROUTES:
#  Cost Demand Distance k f Clients
1 1086 400 256.3 1 4 0 93 63 64 74 65 68 69 66 78 85 81 76 79 71 70 73 80 56 48 0
2 1059 400 160.8 1 3 0 20 24 6 32 33 31 35 37 38 39 36 34 28 26 23 30 29 27 22 21 8 10 75 0
3 1059 400 182 1 3 0 88 67 62 61 72 49 55 54 53 58 60 59 57 40 44 46 41 42 43 47 45 51 50 52 0
4 1086 400 226.5 1 4 0 5 16 2 1 99 100 97 92 94 95 98 7 3 4 89 91 84 82 83 86 77 96 87 90 0
5 1030 210 108 1 2 0 17 18 19 15 14 12 13 25 9 11 0

