Instance Name: R112a
Qty_Routes: 30 Total_Distance: 2239.2 Total_Cost: 2784.5
List of ROUTES:
#  Cost Demand Distance k f Clients
1 103 48 126.2 2 4 0 78 80 55 25 67 56 0
2 132.5 47 159.5 2 5 0 35 65 71 90 46 0
3 103 50 127.3 2 4 0 11 49 36 17 91 0
4 96 50 95.5 2 3 0 4 23 92 0
5 96 49 83.9 2 3 0 70 20 66 51 0
6 96 48 70.9 2 3 0 61 86 0
7 103 50 115.1 2 4 0 62 63 64 8 60 0
8 96 50 95.9 2 3 0 42 43 38 93 0
9 96 50 88.6 2 3 0 37 100 14 41 0
10 96 49 72.8 2 3 0 75 39 0
11 96 50 98.4 2 3 0 69 33 9 34 24 0
12 88 50 69.8 2 2 0 18 82 19 7 0
13 103 50 107.4 2 4 0 6 57 54 29 3 0
14 96 50 85.2 2 3 0 84 45 47 0
15 96 50 74.6 2 3 0 73 74 22 15 2 0
16 96 49 71.9 2 3 0 10 32 1 0
17 88 49 59.5 2 2 0 79 81 0
18 88 47 67.2 2 2 0 98 44 16 0
19 88 50 46.1 2 2 0 77 68 0
20 88 45 60 2 2 0 88 48 0
21 88 50 46.2 2 2 0 85 99 0
22 88 49 68.8 2 2 0 52 83 95 40 0
23 88 49 52.1 2 2 0 97 96 5 0
24 88 48 55 2 2 0 31 30 0
25 80 45 36.9 2 1 0 27 50 28 0
26 88 49 64.3 2 2 0 21 72 76 0
27 80 50 27.7 2 1 0 13 94 0
28 80 50 34.7 2 1 0 53 26 12 0
29 80 43 38.9 2 1 0 89 59 0
30 80 44 38.8 2 1 0 87 58 0

