Instance Name: R109a
Qty_Routes: 35 Total_Distance: 2470.9 Total_Cost: 2887
List of ROUTES:
#  Cost Demand Distance k f Clients
1 103 45 115.6 2 4 0 64 49 36 46 0
2 103 50 127 2 4 0 92 57 38 91 17 93 0
3 103 48 110.1 2 4 0 22 67 55 24 0
4 103 48 120.9 2 4 0 7 63 66 35 0
5 96 48 97.8 2 3 0 9 71 78 34 0
6 96 47 81.9 2 3 0 19 47 60 0
7 96 48 70.9 2 3 0 61 86 0
8 96 49 77.7 2 3 0 30 70 32 0
9 96 48 87.4 2 3 0 75 25 54 80 0
10 96 49 93.2 2 3 0 42 14 100 43 0
11 88 46 64.9 2 2 0 31 10 90 0
12 88 50 68.4 2 2 0 39 4 0
13 96 48 81.1 2 3 0 41 23 56 74 0
14 96 47 74.2 2 3 0 44 16 84 6 0
15 103 50 107.4 2 4 0 33 51 65 20 0
16 96 48 76.1 2 3 0 11 48 0
17 88 49 59.5 2 2 0 79 81 0
18 96 47 79.5 2 3 0 95 98 15 73 0
19 96 46 70.8 2 3 0 83 82 62 0
20 88 49 48.7 2 2 0 85 37 0
21 96 48 71.1 2 3 0 8 45 13 0
22 88 49 49.9 2 2 0 3 68 0
23 64 24 88.6 1 3 0 29 69 88 0
24 58 29 56.9 1 2 0 89 77 0
25 58 26 41.2 1 2 0 5 0
26 88 44 56.7 2 2 0 12 72 0
27 58 29 60.1 1 2 0 21 2 96 0
28 50 26 36.8 1 1 0 87 0
29 80 50 39.8 2 1 0 53 94 99 0
30 50 29 35 1 1 0 28 50 0
31 58 28 47.8 1 2 0 58 1 0
32 58 30 55.1 1 2 0 52 18 40 0
33 50 30 39.5 1 1 0 76 26 0
34 58 28 43.7 1 2 0 27 97 0
35 50 28 35.6 1 1 0 59 0

