Instance Name: R109b
Qty_Routes: 30 Total_Distance: 2022.8 Total_Cost: 811
List of ROUTES:
#  Cost Demand Distance k f Clients
1 52 78 118.6 3 4 0 51 71 65 35 66 0
2 52 69 128.9 3 4 0 62 64 49 36 46 17 60 0
3 45 79 92 3 3 0 72 23 67 0
4 45 78 96.4 3 3 0 92 14 38 44 61 91 37 0
5 52 80 115.8 3 4 0 81 9 78 34 54 24 0
6 45 76 90.3 3 3 0 42 98 16 86 84 0
7 45 78 88.9 3 3 0 30 90 63 32 10 70 0
8 52 80 127.7 3 4 0 15 5 93 43 100 0
9 24 48 69.3 2 2 0 82 47 7 0
10 24 50 68.4 2 2 0 39 4 0
11 32 45 93.6 2 3 0 11 19 45 0
12 32 49 95.2 2 3 0 33 79 29 25 0
13 24 28 83.2 1 3 0 20 3 80 0
14 32 49 86.7 2 3 0 41 22 75 56 55 0
15 24 45 63.5 2 2 0 8 48 0
16 18 24 65.3 1 2 0 57 73 74 0
17 37 78 46.4 3 2 0 99 85 59 0
18 24 50 46.1 2 2 0 77 68 0
19 24 50 50.1 2 2 0 18 83 94 0
20 10 25 39.2 1 1 0 27 88 0
21 16 49 36.9 2 1 0 87 13 0
22 10 25 36.2 1 1 0 2 58 0
23 10 28 39.2 1 1 0 21 26 0
24 10 27 35 1 1 0 31 0
25 16 43 39.9 2 1 0 95 97 96 0
26 10 26 38.1 1 1 0 76 50 0
27 10 16 31.9 1 1 0 69 1 0
28 10 19 30 1 1 0 12 0
29 10 27 38.6 1 1 0 52 6 89 0
30 16 39 31.4 2 1 0 28 53 40 0

