Instance Name: R108a
Qty_Routes: 31 Total_Distance: 2235.1 Total_Cost: 2768.5
List of ROUTES:
#  Cost Demand Distance k f Clients
1 104.5 50 131.5 2 5 0 56 67 55 34 78 0
2 103 50 123.9 2 4 0 6 92 91 17 83 8 46 36 82 0
3 103 48 104.7 2 4 0 42 15 38 16 0
4 103 50 127.1 2 4 0 62 90 66 24 0
5 103 48 107.7 2 4 0 35 65 71 70 0
6 96 48 70.9 2 3 0 61 86 0
7 96 47 93 2 3 0 60 47 11 7 0
8 96 48 89.7 2 3 0 75 22 41 43 0
9 96 50 97.4 2 3 0 69 10 63 64 88 0
10 88 50 68.4 2 2 0 4 39 0
11 88 45 64.5 2 2 0 37 100 14 0
12 96 46 73 2 3 0 73 23 74 0
13 96 47 87.9 2 3 0 19 49 0
14 88 50 64.3 2 2 0 98 44 93 0
15 96 50 98.7 2 3 0 3 80 54 25 2 0
16 96 50 90.6 2 3 0 57 95 84 45 0
17 88 48 64.6 2 2 0 28 29 79 0
18 88 50 68.3 2 2 0 51 20 30 1 0
19 88 50 56.7 2 2 0 76 81 33 0
20 88 45 45.1 2 2 0 21 72 40 0
21 88 50 46.2 2 2 0 85 99 0
22 88 50 69 2 2 0 31 32 0
23 88 50 46.1 2 2 0 77 68 0
24 80 49 36.9 2 1 0 87 13 0
25 88 49 49.9 2 2 0 96 5 18 0
26 88 45 55.7 2 2 0 52 48 0
27 80 50 34.7 2 1 0 53 26 12 0
28 80 42 29 2 1 0 89 94 0
29 88 45 65.6 2 2 0 50 9 27 0
30 50 30 38.4 1 1 0 97 58 0
31 50 28 35.6 1 1 0 59 0

