Instance Name: R111a
Qty_Routes: 33 Total_Distance: 2486.5 Total_Cost: 2888
List of ROUTES:
#  Cost Demand Distance k f Clients
1 103 50 117.8 2 4 0 7 64 49 36 46 0
2 103 49 108.7 2 4 0 90 10 70 66 0
3 103 48 118.6 2 4 0 42 67 22 0
4 103 48 123.3 2 4 0 92 57 14 38 91 17 0
5 103 48 100.7 2 4 0 78 9 71 34 0
6 96 48 70.9 2 3 0 61 86 0
7 96 50 89.3 2 3 0 23 55 4 0
8 103 49 106.3 2 4 0 30 65 35 0
9 103 50 114.3 2 4 0 54 24 80 32 0
10 96 45 93.6 2 3 0 45 19 11 0
11 103 49 121.6 2 4 0 62 20 63 83 0
12 96 49 72.8 2 3 0 75 39 0
13 96 49 99.5 2 3 0 6 16 47 0
14 103 46 108.9 2 4 0 98 44 43 41 56 0
15 88 45 63.5 2 2 0 8 48 0
16 103 48 104.4 2 4 0 51 79 29 25 0
17 96 50 82.1 2 3 0 15 100 93 60 0
18 88 50 59 2 2 0 3 81 33 0
19 88 49 48.7 2 2 0 37 85 0
20 88 42 50.3 2 2 0 73 74 72 0
21 88 49 64.5 2 2 0 82 84 5 0
22 88 50 46.1 2 2 0 68 77 0
23 80 48 36.7 2 1 0 95 59 0
24 88 50 55.7 2 2 0 13 31 0
25 80 44 38.8 2 1 0 87 58 0
26 64 30 87.7 1 3 0 1 21 99 0
27 88 44 67 2 2 0 12 76 18 0
28 88 46 68.6 2 2 0 50 26 40 2 0
29 50 27 24 1 1 0 94 0
30 58 27 40.2 1 2 0 89 97 0
31 50 30 18 1 1 0 53 28 0
32 50 22 24.5 1 1 0 27 69 0
33 58 29 60.4 1 2 0 88 52 96 0

