Instance Name: R108c
Qty_Routes: 24 Total_Distance: 1653.9 Total_Cost: 533.3
List of ROUTES:
#  Cost Demand Distance k f Clients
1 54.3 120 133.3 4 5 0 78 34 35 71 65 66 20 32 90 0
2 52 120 131 4 5 0 7 19 64 49 36 47 46 5 0
3 43 116 92.6 4 3 0 72 75 23 67 4 0
4 43 118 96.3 4 3 0 42 14 38 86 16 91 93 0
5 31 78 98.3 3 3 0 70 10 63 30 81 0
6 43 114 95.4 4 3 0 85 61 44 43 100 98 37 0
7 31 80 90.8 3 3 0 54 39 41 22 74 0
8 51 110 118.4 4 4 0 48 62 11 82 8 45 17 0
9 38 77 109.3 3 4 0 51 33 79 3 29 24 55 25 0
10 13 30 68.8 1 2 0 9 77 0
11 23 80 66 3 2 0 57 15 87 97 94 0
12 16 49 68.7 2 2 0 73 56 21 13 0
13 16 46 57.8 2 2 0 83 84 59 0
14 23 69 68.8 3 2 0 80 68 31 0
15 5 25 39.2 1 1 0 27 88 0
16 5 22 36.9 1 1 0 95 92 0
17 5 25 36.2 1 1 0 2 58 0
18 5 21 38.2 1 1 0 6 60 89 0
19 5 20 35 1 1 0 96 99 0
20 5 26 38.1 1 1 0 50 76 0
21 5 21 34.7 1 1 0 52 18 0
22 5 16 31.9 1 1 0 1 69 0
23 8 36 33.3 2 1 0 26 12 0
24 8 39 34.9 2 1 0 53 28 40 0

