Instance Name: RC106b
Qty_Routes: 31 Total_Distance: 2355.1 Total_Cost: 1046.4
List of ROUTES:
#  Cost Demand Distance k f Clients
1 54 80 121.7 2 4 0 31 28 26 27 0
2 54 74 130 2 5 0 52 75 58 97 0
3 57.4 76 133.4 2 5 0 95 62 85 63 76 89 93 0
4 54 70 121.3 2 4 0 33 30 29 32 34 0
5 54 77 116.4 2 4 0 18 23 25 77 0
6 47 80 92.5 2 3 0 19 21 48 49 20 0
7 47 80 94 2 3 0 39 36 37 35 0
8 28 40 88.8 1 3 0 87 59 74 0
9 47 80 82.8 2 3 0 11 16 15 0
10 47 80 84.2 2 3 0 45 5 3 4 0
11 54 75 117.8 2 4 0 12 14 47 73 17 13 0
12 47 80 83.9 2 3 0 42 44 40 38 0
13 47 73 95.5 2 3 0 79 7 8 46 100 0
14 47 79 95.2 2 3 0 61 2 6 1 0
15 28 40 79.3 1 3 0 43 41 0
16 28 39 71.2 1 3 0 67 50 0
17 47 78 90.3 2 3 0 86 22 24 0
18 47 79 78 2 3 0 82 99 9 10 53 0
19 20 37 69.7 1 2 0 51 84 0
20 20 36 65.1 1 2 0 98 78 0
21 20 38 63.1 1 2 0 71 72 54 0
22 20 37 55.3 1 2 0 83 57 0
23 20 36 54 1 2 0 88 60 0
24 20 36 45.7 1 2 0 64 56 0
25 20 39 44 1 2 0 70 55 0
26 12 37 38.3 1 1 0 92 94 0
27 12 36 34.7 1 1 0 81 96 0
28 12 29 34.4 1 1 0 91 66 0
29 12 35 36.1 1 1 0 65 90 80 0
30 12 21 20 1 1 0 68 0
31 12 27 18.4 1 1 0 69 0

