Instance Name: R112b
Qty_Routes: 29 Total_Distance: 1942.5 Total_Cost: 795
List of ROUTES:
#  Cost Demand Distance k f Clients
1 52 80 116.5 3 4 0 78 35 65 71 66 20 0
2 52 80 126.8 3 4 0 70 90 64 49 36 47 46 0
3 45 79 92 3 3 0 72 23 67 0
4 52 80 106.3 3 4 0 92 14 38 91 61 17 5 0
5 52 79 108.3 3 4 0 81 9 34 24 55 54 0
6 52 80 117.7 3 4 0 98 86 44 43 42 41 0
7 45 80 97.6 3 3 0 51 30 10 63 32 0
8 24 50 68.4 2 2 0 39 4 0
9 45 80 95.6 3 3 0 62 11 19 82 45 0
10 32 49 95.2 2 3 0 25 29 79 33 0
11 45 80 98.4 3 3 0 93 15 22 75 56 74 0
12 45 79 73.2 3 3 0 59 84 16 100 37 0
13 24 50 64.2 2 2 0 8 48 7 0
14 24 48 65.1 2 2 0 85 57 0
15 24 49 49.9 2 2 0 3 68 0
16 18 29 69.8 1 2 0 77 80 73 0
17 24 50 50.1 2 2 0 18 83 94 0
18 10 25 39.2 1 1 0 27 88 0
19 16 49 36.9 2 1 0 87 13 0
20 10 25 36.2 1 1 0 2 58 0
21 10 28 39.2 1 1 0 21 26 0
22 10 18 36.1 1 1 0 60 89 0
23 10 27 35 1 1 0 31 0
24 10 29 37.8 1 1 0 95 99 0
25 10 26 39.3 1 1 0 6 96 97 0
26 10 26 38.1 1 1 0 50 76 0
27 10 30 39.6 1 1 0 53 1 69 0
28 24 44 47.4 2 2 0 40 28 12 0
29 10 9 22.6 1 1 0 52 0

