Instance Name: Day2
Qty_Routes: 62 Total_Distance: 3039.49 Total_Cost: 28907.1
List of ROUTES:
#  Cost Demand Distance k f Clients
1 757.076 13.92 157.076 2 6 0 23 21 0
2 750 14 115.013 2 5 0 19 0
3 600 14 92.8341 2 4 0 72 0
4 600 13.78 82.0951 2 4 0 11 0
5 400 7.92 90.2636 1 4 0 68 103 92 44 0
6 750 19.26 92.2522 3 4 0 74 14 53 0
7 400 7.96 85.979 1 4 0 64 70 50 51 0
8 600 14 76.3933 2 4 0 38 0
9 400 8 91.6072 1 4 0 65 40 22 0
10 750 20 74.1723 3 4 0 25 0
11 600 14 73.6552 2 4 0 6 0
12 600 14 69.8892 2 4 0 91 0
13 400 7.4 78.24 1 4 0 80 3 77 12 0
14 750 19.736 78.157 3 4 0 15 1 102 16 0
15 600 13.9 66.7375 2 4 0 32 0
16 600 14 63.9411 2 4 0 18 0
17 600 14 63.5546 2 4 0 9 0
18 600 14 63.3064 2 4 0 10 0
19 300 8 58.922 1 3 0 100 30 93 0
20 500 14 56.8809 2 3 0 5 0
21 500 14 56.709 2 3 0 71 0
22 500 14 56.6268 2 3 0 57 0
23 500 14 53.4854 2 3 0 26 0
24 500 14 52.7526 2 3 0 42 0
25 500 14 47.5053 2 3 0 69 0
26 500 13.9 46.9995 2 3 0 41 0
27 500 14 45.887 2 3 0 90 73 0
28 300 8 48.1955 1 3 0 78 88 97 0
29 300 7 53.5372 1 3 0 13 54 0
30 500 13.88 41.2417 2 3 0 8 0
31 500 13.4 41.2021 2 3 0 43 17 0
32 650 20 41.0341 3 3 0 96 0
33 500 14 40.3118 2 3 0 31 0
34 450 14 39.6404 2 2 0 29 0
35 450 14 37.4351 2 2 0 46 0
36 450 14 35.9164 2 2 0 27 0
37 450 14 34.1092 2 2 0 24 0
38 600 20 33.7644 3 2 0 85 0
39 300 7.912 59.001 1 3 0 37 55 20 58 0
40 450 14 31.7609 2 2 0 76 0
41 300 7.8 42.6807 1 3 0 34 33 75 0
42 300 8 49.0104 1 3 0 95 89 61 0
43 450 14 26.7785 2 2 0 60 0
44 450 14 24.3882 2 2 0 98 0
45 600 20 21.9498 3 2 0 52 0
46 250 6.8 39.4821 1 2 0 67 39 66 0
47 300 8 47.7822 1 3 0 99 47 0
48 250 7.2 38.0497 1 2 0 79 48 0
49 400 11.96 19.1327 2 1 0 4 0
50 250 8 22.1515 1 2 0 82 94 81 0
51 200 6.26 18.1304 1 1 0 49 86 0
52 200 8 17.0488 1 1 0 7 62 0
53 400 14 15.6423 2 1 0 2 0
54 450 14 38.2071 2 2 0 83 101 0
55 200 6.8 19.2739 1 1 0 35 36 0
56 400 13.216 12.393 2 1 0 59 0
57 550 15.2 12.0443 3 1 0 63 0
58 400 14 10.9274 2 1 0 45 0
59 400 14 9.97735 2 1 0 84 0
60 400 12 9.95777 2 1 0 56 0
61 400 14 8.66022 2 1 0 28 0
62 400 14 7.73814 2 1 0 87 0

