Instance Name: Dia3
Qty_Routes: 67 Total_Distance: 3905.68 Total_Cost: 28654.2
List of ROUTES:
#  Cost Demand Distance k f Clients
1 550 8 144.905 1 5 0 78 0
2 585.466 8 185.466 1 6 0 46 74 91 99 0
3 550.119 7.8 150.119 1 6 0 40 44 28 0
4 750 14 117.572 2 5 0 42 0
5 768.599 13.96 168.599 2 6 0 37 58 87 32 0
6 400 6.78 98.1249 1 4 0 54 97 106 76 0
7 400 7.2 96.0894 1 4 0 95 25 0
8 400 7.24 98.5547 1 4 0 50 30 92 70 47 0
9 600 13.936 95.7478 2 4 0 35 39 0
10 400 8 94.3726 1 4 0 29 0
11 750 20 92.6847 3 4 0 3 0
12 600 14 81.4686 2 4 0 18 0
13 400 8 81.493 1 4 0 79 65 60 0
14 400 7.6 80.9491 1 4 0 38 59 66 0
15 400 8 77.313 1 4 0 77 0
16 600 14 75.6135 2 4 0 2 0
17 600 14 74.8467 2 4 0 14 0
18 600 14 74.5045 2 4 0 24 0
19 600 14 74.1723 2 4 0 17 0
20 400 8 75.5457 1 4 0 52 55 0
21 600 13.18 92.8022 2 4 0 100 62 68 0
22 400 7.1 74.967 1 4 0 12 48 9 0
23 600 14 66.9574 2 4 0 81 0
24 400 8 66.7119 1 4 0 43 0
25 400 8 82.3853 1 4 0 104 80 103 64 0
26 600 14 61.7521 2 4 0 53 0
27 300 4.8 59.6501 1 3 0 5 1 0
28 300 2 59.0452 1 3 0 101 0
29 300 6 58.9356 1 3 0 63 0
30 300 7.6 59.4074 1 3 0 89 13 0
31 300 6.4 59.7338 1 3 0 51 83 0
32 500 14 57.871 2 3 0 36 0
33 650 20 57.2836 3 3 0 69 0
34 500 14 55.3454 2 3 0 27 0
35 500 14 54.3294 2 3 0 33 0
36 500 14 47.8679 2 3 0 8 0
37 500 14 43.9934 2 3 0 23 0
38 300 8 45.1554 1 3 0 82 73 94 0
39 500 14 40.3118 2 3 0 20 0
40 450 14 39.6404 2 2 0 19 0
41 250 8 39.8757 1 2 0 90 84 0
42 450 14 37.8034 2 2 0 45 0
43 250 8 37.2466 1 2 0 71 0
44 300 8 53.8376 1 3 0 96 86 0
45 250 6 33.2348 1 2 0 49 0
46 450 14 33.117 2 2 0 61 0
47 250 8 37.0322 1 2 0 98 88 56 11 0
48 450 14 30.9028 2 2 0 7 0
49 450 14 30.816 2 2 0 22 0
50 450 14 27.2165 2 2 0 26 0
51 300 7.92 52.2976 1 3 0 10 4 0
52 450 14 24.3882 2 2 0 102 0
53 250 6 34.0433 1 2 0 108 67 0
54 450 14 20.9935 2 2 0 15 0
55 200 3.2 16.7941 1 1 0 16 0
56 200 8 16.5837 1 1 0 34 0
57 400 14 16.1978 2 1 0 21 0
58 200 8 18.3193 1 1 0 72 75 0
59 400 14 15.0607 2 1 0 41 0
60 400 14 14.9994 2 1 0 105 0
61 200 6 14.9893 1 1 0 109 0
62 400 10 13.8043 2 1 0 57 0
63 400 14 13.3864 2 1 0 31 0
64 400 14 13.2255 2 1 0 6 0
65 200 6 12.789 1 1 0 93 0
66 400 14 12.4415 2 1 0 107 0
67 200 6 11.9952 1 1 0 85 0

