Instance Name: C107a
Qty_Routes: 19 Total_Distance: 1574 Total_Cost: 6207
List of routes:
#  Cost Demand Distance k f Clients
1 343 100 124.3 1 4 0 78 76 70 73 77 79 80 0
2 343 100 122.9 1 4 0 81 71 82 84 89 0
3 329 100 95.8 1 3 0 55 56 58 60 59 0
4 329 100 91 1 3 0 57 54 53 0
5 329 100 92.6 1 3 0 96 95 94 92 97 0
6 329 100 92.3 1 3 0 98 93 100 99 1 0
7 329 100 94.4 1 3 0 29 35 37 38 39 36 0
8 329 100 90.6 1 3 0 18 19 16 14 12 0
9 329 100 80.9 1 3 0 13 17 15 9 0
10 329 100 88.8 1 3 0 32 31 45 48 51 50 52 0
11 329 100 75.9 1 3 0 24 33 34 23 21 0
12 329 100 91 1 3 0 90 87 86 83 88 91 66 0
13 329 100 93.2 1 3 0 5 85 4 2 75 0
14 329 100 70.4 1 3 0 67 65 62 72 61 64 68 69 47 0
15 315 100 52.2 1 2 0 43 42 41 40 44 46 49 0
16 343 100 101.8 1 4 0 3 20 27 10 30 28 26 22 0
17 300 100 39.7 1 1 0 63 74 0
18 315 70 46 1 2 0 7 8 11 6 0
19 300 40 30.2 1 1 0 25 0

