Instance Name: R101c
Qty_Routes: 27 Total_Distance: 2009.9 Total_Cost: 595
List of routes:
#  Cost Demand Distance k f Clients
1 38 76 123.2 3 4 0 65 71 9 66 0
2 38 80 120.8 3 4 0 36 64 49 48 0
3 51 110 115.5 4 4 0 72 23 67 56 4 25 0
4 31 77 91.7 3 3 0 14 44 38 91 93 0
5 38 73 123.5 3 4 0 33 29 81 34 35 70 0
6 41 80 133 3 5 0 45 47 19 46 17 100 0
7 43 120 91 4 3 0 59 5 98 61 86 37 0
8 38 80 109.9 3 4 0 63 62 11 10 32 0
9 31 78 99.3 3 3 0 83 16 85 43 0
10 31 75 76.9 3 3 0 39 75 22 74 0
11 31 74 98.1 3 3 0 31 30 90 20 77 0
12 23 71 69.7 3 2 0 76 78 3 68 80 0
13 19 28 93.5 1 3 0 79 55 24 0
14 16 39 66.3 2 2 0 42 15 87 0
15 16 48 64.2 2 2 0 21 73 41 13 0
16 19 28 79.8 1 3 0 51 54 0
17 13 30 67.5 1 2 0 82 7 8 0
18 16 47 57.6 2 2 0 95 99 84 96 0
19 16 44 56.4 2 2 0 2 57 97 58 0
20 5 18 39.6 1 1 0 52 88 0
21 5 29 36.8 1 1 0 92 94 0
22 5 21 38.2 1 1 0 6 60 89 0
23 5 23 38.5 1 1 0 50 1 0
24 5 12 31.6 1 1 0 18 0
25 8 36 33.3 2 1 0 12 26 0
26 5 22 24.5 1 1 0 27 69 0
27 8 39 29.5 2 1 0 28 40 53 0

