Instance Name: R203a
Qty_Routes: 6 Total_Distance: 1342.8 Total_Cost: 3189.6
List of routes:
#  Cost Demand Distance k f Clients
1 563 300 287.4 1 5 0 1 51 20 90 63 32 71 65 78 79 9 66 35 34 81 70 29 24 80 3 77 12 28 0
2 568.6 300 325.6 1 6 0 89 92 37 85 91 16 61 83 45 46 47 36 11 64 49 19 48 55 17 60 82 7 52 0
3 563 300 296.8 1 5 0 42 26 33 54 39 67 23 41 22 56 4 75 74 25 72 73 21 43 57 2 58 0
4 509 298 169 1 3 0 94 95 97 15 14 44 38 86 84 8 18 5 100 98 93 59 96 0
5 536 251 229 1 4 0 27 69 88 62 30 76 40 53 87 6 10 31 50 68 13 0
6 450 9 35 1 1 0 99 0

