Instance Name: RC103b
Qty_Routes: 32 Total_Distance: 2538.3 Total_Cost: 1065.5
List of routes:
#  Cost Demand Distance k f Clients
1 54 80 125.6 2 4 0 28 26 27 29 32 0
2 54 80 120.6 2 4 0 90 52 97 75 58 0
3 35 39 128.6 1 4 0 62 85 63 89 93 0
4 54 76 122 2 4 0 31 33 30 34 95 0
5 54 77 116.4 2 4 0 18 23 25 77 0
6 47 80 92.1 2 3 0 20 49 19 48 21 0
7 47 80 90.7 2 3 0 39 37 36 35 0
8 54 79 119.8 2 4 0 76 22 74 0
9 37.5 40 132.5 1 5 0 87 59 73 100 0
10 47 80 82.7 2 3 0 16 15 11 0
11 47 80 84.2 2 3 0 45 5 3 4 0
12 47 75 86.5 2 3 0 53 10 14 47 17 0
13 47 80 83.9 2 3 0 42 44 40 38 0
14 47 80 98.5 2 3 0 1 7 8 46 6 0
15 54 76 110.1 2 4 0 79 78 13 82 0
16 28 40 79.3 1 3 0 43 41 0
17 28 39 71.2 1 3 0 67 50 0
18 28 38 86.5 1 3 0 86 24 0
19 28 40 76.1 1 3 0 9 12 0
20 20 37 69.7 1 2 0 51 84 0
21 20 39 68.2 1 2 0 2 98 0
22 20 38 63.1 1 2 0 71 72 54 0
23 20 37 55.3 1 2 0 83 57 0
24 20 36 54 1 2 0 88 60 0
25 20 36 45.7 1 2 0 64 56 0
26 28 40 72.8 1 3 0 65 99 61 0
27 20 39 44 1 2 0 55 70 0
28 12 37 38.3 1 1 0 92 94 0
29 12 36 34.7 1 1 0 96 81 0
30 12 29 34.4 1 1 0 91 66 0
31 12 34 32.4 1 1 0 68 80 0
32 12 27 18.4 1 1 0 69 0

