Instance Name: R106b
Qty_Routes: 30 Total_Distance: 2034.3 Total_Cost: 807.8
List of routes:
#  Cost Demand Distance k f Clients
1 52 79 128.2 3 4 0 33 65 71 66 35 0
2 40.8 50 131.8 2 5 0 7 36 64 49 46 0
3 45 79 92 3 3 0 72 23 67 0
4 52 80 110.7 3 4 0 5 61 38 43 91 100 0
5 52 80 117.5 3 4 0 81 9 34 54 25 0
6 45 79 81.5 3 3 0 92 98 16 86 17 83 0
7 32 50 94.7 2 3 0 63 30 90 10 0
8 37 79 69.3 3 2 0 82 48 47 0
9 45 76 91.6 3 3 0 62 19 11 32 70 0
10 24 50 68.4 2 2 0 39 4 0
11 24 46 69.7 2 2 0 14 44 37 0
12 45 77 96.4 3 3 0 50 3 29 79 51 20 0
13 32 48 85.1 2 3 0 78 68 24 80 0
14 32 49 86.7 2 3 0 41 22 75 56 55 0
15 52 78 106.5 3 4 0 42 15 57 74 59 93 0
16 18 28 65 1 2 0 45 8 60 0
17 24 48 57.6 2 2 0 85 84 0
18 24 48 69.1 2 2 0 12 73 95 0
19 10 27 39.5 1 1 0 76 77 0
20 10 18 39.6 1 1 0 52 88 0
21 16 49 36.9 2 1 0 87 13 0
22 10 25 36.2 1 1 0 2 58 0
23 10 28 39.2 1 1 0 21 26 0
24 10 27 35 1 1 0 31 0
25 16 50 35.8 2 1 0 94 96 99 6 0
26 10 26 37.3 1 1 0 53 97 0
27 10 27 32.6 1 1 0 18 89 0
28 10 26 33.5 1 1 0 28 1 0
29 10 22 24.5 1 1 0 27 69 0
30 10 9 22.4 1 1 0 40 0

