Instance Name: R101a
Qty_Routes: 36 Total_Distance: 2556.6 Total_Cost: 2905.6
List of routes:
#  Cost Demand Distance k f Clients
1 103 49 116.9 2 4 0 65 71 35 80 0
2 106.6 48 133.6 2 5 0 36 64 90 10 1 70 0
3 103 49 112.4 2 4 0 19 49 17 0
4 71 30 104.5 1 4 0 67 55 24 0
5 103 49 114.2 2 4 0 92 42 44 38 43 91 0
6 103 48 114.8 2 4 0 33 29 78 66 0
7 103 50 102.2 2 4 0 23 22 60 0
8 103 50 113.1 2 4 0 63 51 9 34 0
9 103 49 114.3 2 4 0 45 47 7 46 0
10 96 48 70.9 2 3 0 61 86 0
11 88 50 69.8 2 2 0 69 30 32 0
12 88 50 68.4 2 2 0 39 4 0
13 96 40 90.2 2 3 0 62 11 20 0
14 103 47 108 2 4 0 75 41 54 25 0
15 96 45 91.9 2 3 0 14 98 84 37 0
16 96 49 76.9 2 3 0 15 57 97 93 0
17 58 30 67.8 1 2 0 83 16 0
18 58 30 69 1 2 0 2 73 56 74 0
19 88 45 63.5 2 2 0 8 48 0
20 96 48 72.8 2 3 0 52 81 3 0
21 88 50 69.4 2 2 0 31 79 0
22 58 29 61.8 1 2 0 99 6 100 0
23 58 28 47.7 1 2 0 82 18 0
24 88 41 46 2 2 0 85 0
25 88 48 52.9 2 2 0 72 13 0
26 88 50 46.1 2 2 0 68 77 0
27 58 26 41.2 1 2 0 5 0
28 50 25 39.2 1 1 0 27 88 0
29 50 26 36.8 1 1 0 87 0
30 50 29 37.9 1 1 0 21 58 0
31 50 28 35.6 1 1 0 59 0
32 50 26 38.1 1 1 0 76 50 0
33 50 26 33.2 1 1 0 96 89 0
34 88 45 47.4 2 2 0 12 40 26 0
35 80 47 30.1 2 1 0 95 94 0
36 50 30 18 1 1 0 28 53 0

