Instance Name: RC206c
Qty_Routes: 17 Total_Distance: 1667.7 Total_Cost: 534
List of routes:
#  Cost Demand Distance k f Clients
1 64 183 139.9 2 2 0 62 33 30 31 29 27 28 26 32 34 50 0
2 43 100 138.1 1 2 0 59 75 58 97 13 0
3 91 199 196.2 2 3 0 63 76 19 23 21 18 89 48 25 77 0
4 64 200 126.8 2 2 0 42 44 39 38 36 40 43 41 35 37 0
5 64 184 129 2 2 0 82 12 14 11 15 16 47 73 17 10 0
6 43 100 111.5 1 2 0 7 45 5 8 3 1 46 0
7 15 75 79.9 1 1 0 98 88 79 60 0
8 15 59 79.5 1 1 0 52 86 87 99 0
9 15 87 79.6 1 1 0 64 20 49 22 24 0
10 15 93 76.4 1 1 0 2 6 4 100 0
11 15 61 79.6 1 1 0 83 57 74 66 0
12 15 84 79.8 1 1 0 51 85 84 56 91 80 0
13 15 58 72.1 1 1 0 69 53 9 90 0
14 15 59 79.1 1 1 0 65 78 55 0
15 15 87 79.9 1 1 0 92 67 71 72 54 96 0
16 15 53 69.8 1 1 0 95 94 93 68 0
17 15 42 50.5 1 1 0 81 61 70 0

