Instance Name: RC104b
Qty_Routes: 31 Total_Distance: 2412.2 Total_Cost: 1064
List of routes:
#  Cost Demand Distance k f Clients
1 54 80 121.2 2 4 0 30 28 26 27 29 0
2 54 80 120.6 2 4 0 90 52 97 75 58 0
3 35 39 122 1 4 0 93 62 85 63 89 0
4 54 79 113.2 2 4 0 67 33 32 31 34 0
5 54 77 116.4 2 4 0 18 23 25 77 0
6 47 80 92.1 2 3 0 20 49 19 48 21 0
7 47 80 89.4 2 3 0 37 35 36 39 0
8 47 74 91.5 2 3 0 95 76 51 84 0
9 54 78 112.4 2 4 0 47 87 59 74 86 0
10 47 80 82.7 2 3 0 16 15 11 0
11 47 80 82.5 2 3 0 4 45 5 3 0
12 47 80 83.2 2 3 0 12 14 17 10 0
13 47 80 83.9 2 3 0 42 44 40 38 0
14 28 38 96.4 1 3 0 79 73 100 0
15 47 80 97.5 2 3 0 7 8 46 1 6 0
16 28 35 81.1 1 3 0 53 9 13 0
17 28 40 79.3 1 3 0 43 41 0
18 28 38 94.1 1 3 0 50 72 0
19 47 73 76.7 2 3 0 22 24 57 0
20 20 36 65.1 1 2 0 98 78 0
21 28 39 71.7 1 3 0 61 2 0
22 20 36 54 1 2 0 88 60 0
23 20 40 51 1 2 0 96 71 0
24 20 40 59.1 1 2 0 82 83 64 0
25 20 31 42 1 2 0 65 99 0
26 20 39 44 1 2 0 70 55 0
27 20 39 47.3 1 2 0 54 94 0
28 12 32 37.1 1 1 0 56 91 0
29 20 40 53.9 1 2 0 66 92 81 0
30 12 34 32.4 1 1 0 80 68 0
31 12 27 18.4 1 1 0 69 0

