Instance Name: R107c
Qty_Routes: 25 Total_Distance: 1701.6 Total_Cost: 540.1
List of routes:
#  Cost Demand Distance k f Clients
1 54.1 114 133.1 4 5 0 81 71 65 66 35 34 80 0
2 38 77 128.4 3 4 0 46 36 64 49 47 7 0
3 43 116 92.6 4 3 0 72 75 23 67 4 0
4 43 118 96.3 4 3 0 42 14 38 86 16 91 93 0
5 31 79 95.4 3 3 0 30 10 63 32 20 0
6 43 117 94.2 4 3 0 5 85 44 43 100 37 0
7 31 80 90.8 3 3 0 54 39 41 22 74 0
8 51 120 104.4 4 4 0 62 11 19 8 48 82 83 0
9 38 77 109.3 3 4 0 51 33 79 3 29 24 55 25 0
10 16 35 66.1 2 2 0 31 90 70 0
11 13 30 68.8 1 2 0 9 77 0
12 16 39 66.4 2 2 0 78 68 0
13 23 80 66 3 2 0 57 15 87 97 94 0
14 31 79 82.6 3 3 0 60 45 84 17 61 98 59 0
15 16 49 68.7 2 2 0 73 56 21 13 0
16 5 25 39.2 1 1 0 27 88 0
17 5 22 36.9 1 1 0 95 92 0
18 5 25 36.2 1 1 0 2 58 0
19 5 23 35.1 1 1 0 96 99 6 0
20 5 26 38.1 1 1 0 50 76 0
21 5 27 32.6 1 1 0 89 18 0
22 5 16 31.9 1 1 0 1 69 0
23 8 36 33.3 2 1 0 26 12 0
24 5 25 32.8 1 1 0 28 52 0
25 5 23 22.4 1 1 0 53 40 0

