Instance Name: R103b
Qty_Routes: 29 Total_Distance: 2040.6 Total_Cost: 809.8
List of routes:
#  Cost Demand Distance k f Clients
1 61.8 79 139.8 3 5 0 71 65 9 34 35 80 0
2 59 77 137 3 5 0 36 64 49 47 46 7 0
3 45 79 92 3 3 0 72 23 67 0
4 76 118 110.9 4 4 0 92 91 14 38 86 61 17 5 60 0
5 52 80 122.7 3 4 0 90 32 66 81 24 0
6 45 80 96.3 3 3 0 30 10 63 19 82 0
7 32 49 98.2 2 3 0 42 16 44 43 0
8 24 50 68.4 2 2 0 39 4 0
9 32 50 93.6 2 3 0 62 11 20 51 0
10 32 49 90.2 2 3 0 79 54 55 25 0
11 24 46 68.2 2 2 0 33 78 3 12 0
12 32 50 83.6 2 3 0 15 22 75 56 0
13 32 50 84.9 2 3 0 29 68 70 0
14 24 49 67.8 2 2 0 83 45 93 0
15 18 29 66.2 1 2 0 57 41 74 73 0
16 24 45 63.5 2 2 0 8 48 0
17 37 70 67.3 3 2 0 84 59 98 100 37 0
18 24 50 46.2 2 2 0 85 99 0
19 10 27 39.5 1 1 0 76 77 0
20 10 25 39.2 1 1 0 27 88 0
21 16 49 36.9 2 1 0 87 13 0
22 10 25 36.2 1 1 0 2 58 0
23 10 28 39.2 1 1 0 21 26 0
24 10 27 35 1 1 0 31 0
25 16 50 39.9 2 1 0 94 96 97 0
26 10 29 35 1 1 0 50 28 0
27 10 30 39.9 1 1 0 6 89 18 0
28 10 30 39.6 1 1 0 69 1 53 0
29 24 38 63.4 2 2 0 52 40 95 0

