Instance Name: C108a
Qty_Routes: 19 Total_Distance: 1511.5 Total_Cost: 6164
List of routes:
#  Cost Demand Distance k f Clients
1 343 100 125.6 1 4 0 78 76 73 70 77 79 80 0
2 343 100 126.6 1 4 0 71 81 82 84 89 0
3 329 100 98.4 1 3 0 55 56 60 58 59 0
4 329 100 91.2 1 3 0 57 53 54 0
5 329 100 97.7 1 3 0 96 95 92 94 100 99 0
6 329 100 94.7 1 3 0 98 93 97 9 0
7 329 100 94.4 1 3 0 29 35 37 38 39 36 0
8 329 100 94.1 1 3 0 18 19 14 16 12 0
9 329 100 85.8 1 3 0 13 17 15 30 0
10 329 100 83.6 1 3 0 32 31 51 48 50 52 49 0
11 329 100 77.5 1 3 0 20 24 27 33 34 26 0
12 329 100 80 1 3 0 65 90 87 86 83 88 91 0
13 329 100 80.2 1 3 0 85 2 4 1 75 0
14 329 100 76 1 3 0 67 62 61 72 64 68 69 66 47 0
15 315 100 51.8 1 2 0 43 41 40 42 44 45 46 0
16 300 100 39.7 1 1 0 63 74 0
17 315 100 51.5 1 2 0 5 3 7 8 10 11 6 0
18 300 100 36.7 1 1 0 25 28 22 21 0
19 300 10 26 1 1 0 23 0

