Instance Name: R104b
Qty_Routes: 28 Total_Distance: 1897.4 Total_Cost: 781.2
List of routes:
#  Cost Demand Distance k f Clients
1 52 80 116.5 3 4 0 78 35 65 71 66 20 0
2 52 80 126.8 3 4 0 70 90 64 49 36 47 46 0
3 45 79 92 3 3 0 72 23 67 0
4 76.2 120 130.2 4 5 0 92 91 14 38 86 61 17 5 7 0
5 45 77 97.6 3 3 0 81 9 34 24 54 0
6 45 80 89.4 3 3 0 10 63 32 30 51 0
7 45 79 90.7 3 3 0 93 16 44 43 42 37 0
8 24 50 68.4 2 2 0 39 4 0
9 45 80 95.6 3 3 0 62 11 19 82 45 0
10 32 49 95.2 2 3 0 33 79 29 25 0
11 32 49 86.7 2 3 0 41 22 75 56 55 0
12 39 49 112.2 2 4 0 73 15 57 74 100 0
13 24 48 66.7 2 2 0 60 8 48 0
14 37 76 57.8 3 2 0 59 85 84 0
15 24 49 49.9 2 2 0 3 68 0
16 24 47 65.8 2 2 0 83 98 87 0
17 24 50 68.4 2 2 0 21 80 77 12 0
18 10 25 39.2 1 1 0 27 88 0
19 10 30 38.6 1 1 0 2 13 0
20 10 27 35 1 1 0 31 0
21 10 29 37.8 1 1 0 95 99 0
22 16 50 39.9 2 1 0 94 96 97 0
23 10 26 38.1 1 1 0 50 76 0
24 10 30 39.9 1 1 0 6 89 18 0
25 10 16 31.9 1 1 0 1 69 0
26 10 27 39.6 1 1 0 52 58 0
27 10 26 29.5 1 1 0 40 26 0
28 10 30 18 1 1 0 53 28 0

