Instance Name: R201c
Qty_Routes: 12 Total_Distance: 1332.7 Total_Cost: 749
List of routes:
#  Cost Demand Distance k f Clients
1 75 104 139.7 1 2 0 28 33 65 71 66 20 35 0
2 75 139 138.5 1 2 0 82 47 36 64 49 46 48 89 0
3 75 170 136.2 1 2 0 72 39 67 23 75 56 4 55 25 24 80 0
4 75 232 139 1 2 0 59 92 42 15 14 44 38 16 86 85 91 100 93 0
5 104 277 192.2 1 3 0 27 62 63 11 19 88 30 51 81 9 79 78 34 3 68 54 77 0
6 45 83 78.3 1 1 0 87 57 43 37 97 13 0
7 45 74 76 1 1 0 69 31 90 32 70 1 0
8 75 106 138.3 1 2 0 5 83 45 98 99 61 8 84 17 60 0
9 45 71 79.4 1 1 0 12 29 76 50 26 0
10 45 76 75.6 1 1 0 2 21 73 22 41 74 58 0
11 45 42 68.5 1 1 0 52 18 7 10 0
12 45 84 71 1 1 0 95 40 53 94 6 96 0

