Instance Name: R109a
Qty_Routes: 36 Total_Distance: 2674.2 Total_Cost: 2934.1
List of routes:
#  Cost Demand Distance k f Clients
1 107.5 45 134.5 2 5 0 71 65 35 55 0
2 114.1 35 141.1 2 5 0 19 64 36 46 17 91 0
3 96 49 90 2 3 0 62 49 0
4 96 49 98.2 2 3 0 41 67 4 0
5 96 49 88.9 2 3 0 14 38 61 0
6 127.5 49 154.5 2 5 0 92 90 66 9 24 0
7 103 50 118.4 2 4 0 23 75 78 0
8 103 48 124.6 2 4 0 34 3 54 60 0
9 96 50 86.5 2 3 0 42 98 86 0
10 71 29 129.9 1 4 0 63 6 10 0
11 103 49 127.5 2 4 0 16 44 43 70 0
12 88 48 69.3 2 2 0 82 47 7 0
13 96 50 95.2 2 3 0 30 32 80 0
14 96 49 76 2 3 0 22 39 0
15 103 48 116.2 2 4 0 83 45 11 20 0
16 96 49 95.2 2 3 0 33 79 29 25 0
17 96 47 74.3 2 3 0 15 100 93 0
18 64 30 78.2 1 3 0 57 73 56 74 0
19 88 45 63.5 2 2 0 8 48 0
20 88 50 65 2 2 0 51 81 77 0
21 88 50 61.2 2 2 0 84 37 97 13 0
22 88 50 46.2 2 2 0 85 99 0
23 96 50 71.6 2 3 0 72 12 69 0
24 88 49 44.7 2 2 0 76 68 0
25 88 46 47.2 2 2 0 5 95 0
26 58 30 49.6 1 2 0 52 88 18 0
27 50 26 36.8 1 1 0 87 0
28 50 25 36.2 1 1 0 2 58 0
29 50 28 39.2 1 1 0 21 26 0
30 50 28 35.6 1 1 0 59 0
31 50 27 35 1 1 0 31 0
32 50 23 38.5 1 1 0 50 1 0
33 50 26 33.2 1 1 0 89 96 0
34 50 27 24 1 1 0 94 0
35 50 25 29.5 1 1 0 28 40 0
36 50 30 18.7 1 1 0 27 53 0

