Instance Name: C101c
Qty_Routes: 19 Total_Distance: 1537.4 Total_Cost: 1021
List of routes:
#  Cost Demand Distance k f Clients
1 73 100 124.3 1 4 0 78 76 70 73 77 79 80 0
2 73 100 122.9 1 4 0 81 71 82 84 89 0
3 59 100 95.8 1 3 0 55 56 58 60 59 0
4 59 100 91 1 3 0 57 54 53 0
5 59 100 92.6 1 3 0 96 95 94 92 97 0
6 59 100 92.3 1 3 0 98 93 100 99 1 0
7 59 100 99.5 1 3 0 35 37 38 39 36 52 0
8 59 100 90.6 1 3 0 18 19 16 14 12 0
9 59 100 80.9 1 3 0 13 17 15 9 0
10 59 100 87.6 1 3 0 32 31 27 29 30 26 23 0
11 59 100 95.5 1 3 0 20 33 34 22 47 0
12 45 90 68.6 1 2 0 90 87 86 83 88 91 0
13 59 100 93.2 1 3 0 5 85 4 2 75 0
14 45 100 58.4 1 2 0 40 44 46 45 48 51 50 49 0
15 45 100 55.6 1 2 0 67 65 62 72 61 64 68 66 69 0
16 30 100 39.7 1 1 0 63 74 0
17 45 90 51.5 1 2 0 3 7 8 10 11 6 0
18 45 80 65.3 1 2 0 43 42 41 28 21 0
19 30 50 32.1 1 1 0 24 25 0

