Instance Name: R211b
Qty_Routes: 5 Total_Distance: 1166.4 Total_Cost: 853
List of routes:
#  Cost Demand Distance k f Clients
1 203 299 319.6 1 5 0 28 12 76 50 33 81 78 34 35 71 65 66 20 32 63 90 49 46 17 91 60 10 70 1 24 0
2 176 300 226.3 1 4 0 52 7 88 31 62 19 11 64 36 47 48 82 8 45 84 61 83 18 96 37 57 97 6 0
3 149 300 179.2 1 3 0 94 95 92 87 42 14 38 15 41 22 75 56 23 67 39 25 55 4 26 0
4 149 300 186.1 1 3 0 53 40 73 2 5 99 85 16 86 44 43 100 98 93 59 13 80 0
5 176 259 255.2 1 4 0 21 72 27 69 30 77 68 29 54 3 79 9 51 74 89 58 0

