Instance Name: RC202c
Qty_Routes: 16 Total_Distance: 1698.5 Total_Cost: 574
List of routes:
#  Cost Demand Distance k f Clients
1 64 186 136.1 2 2 0 95 33 34 31 29 27 26 28 30 32 50 0
2 69 99 193 1 3 0 73 52 74 58 75 77 25 21 48 0
3 43 97 133.4 1 2 0 51 18 76 89 85 0
4 43 94 114.9 1 2 0 14 47 16 97 59 0
5 64 197 133.8 2 2 0 94 92 63 19 23 49 22 20 24 83 0
6 64 200 136.9 2 2 0 42 39 37 36 44 40 41 38 35 43 0
7 64 193 133.4 2 2 0 7 45 6 79 8 46 4 5 3 1 100 0
8 43 99 94.7 1 2 0 82 11 15 17 13 0
9 15 72 79.8 1 1 0 65 86 87 99 0
10 15 79 77.3 1 1 0 9 10 12 98 0
11 15 84 77.4 1 1 0 88 53 78 60 55 0
12 15 72 79.1 1 1 0 81 61 2 70 0
13 15 81 79.1 1 1 0 91 62 67 71 93 96 80 0
14 15 43 78.1 1 1 0 56 72 54 0
15 15 78 78.2 1 1 0 69 64 84 66 0
16 15 50 73.3 1 1 0 57 90 68 0

