Instance Name: RC108b
Qty_Routes: 29 Total_Distance: 2263.1 Total_Cost: 1056.4
List of routes:
#  Cost Demand Distance k f Clients
1 54 80 121.2 2 4 0 30 28 26 27 29 0
2 54 80 120.6 2 4 0 90 52 97 75 58 0
3 54 77 123.3 2 4 0 62 85 63 89 76 20 0
4 54 79 113.2 2 4 0 67 33 32 31 34 0
5 54 77 116.4 2 4 0 77 25 23 18 0
6 47 80 92.4 2 3 0 49 19 48 21 24 0
7 47 80 89.4 2 3 0 37 35 36 39 0
8 54 78 101.9 2 4 0 13 87 59 74 86 0
9 47 80 82.8 2 3 0 11 16 15 0
10 47 80 82.5 2 3 0 4 45 5 3 0
11 54 80 114.5 2 4 0 53 73 10 14 47 17 0
12 47 80 83.9 2 3 0 42 44 40 38 0
13 47 80 97.5 2 3 0 7 8 46 1 6 0
14 58.4 74 134.4 2 5 0 79 2 100 72 93 0
15 28 40 79.3 1 3 0 43 41 0
16 28 36 72 1 3 0 50 95 0
17 47 77 87 2 3 0 84 51 22 0
18 47 76 87.4 2 3 0 82 9 12 78 0
19 20 37 55.3 1 2 0 83 57 0
20 20 36 54 1 2 0 88 60 0
21 20 40 51 1 2 0 96 71 0
22 20 36 45.7 1 2 0 56 64 0
23 20 40 52.6 1 2 0 65 99 98 0
24 20 39 44 1 2 0 70 55 0
25 20 39 47.3 1 2 0 54 94 0
26 12 40 37.2 1 1 0 81 61 68 0
27 12 40 31.9 1 1 0 80 91 92 0
28 12 16 26 1 1 0 66 0
29 12 27 18.4 1 1 0 69 0

