Instance Name: R205b
Qty_Routes: 5 Total_Distance: 1346 Total_Cost: 1016.1
List of routes:
#  Cost Demand Distance k f Clients
1 304.1 399 366.1 2 6 0 27 69 28 12 29 76 33 71 65 9 90 11 49 19 7 51 81 3 79 78 34 35 66 20 32 10 70 1 80 0
2 211 300 328 1 6 0 95 42 92 59 5 83 45 82 47 36 64 63 62 88 38 8 46 48 17 91 100 89 0
3 203 299 287.4 1 5 0 2 14 15 21 72 75 23 67 39 56 41 22 57 43 37 74 4 25 55 24 54 58 0
4 149 296 186.1 1 3 0 52 18 98 85 61 16 86 44 84 99 96 97 94 6 60 26 68 77 0
5 149 164 178.4 1 3 0 73 31 30 50 40 87 53 13 93 0

