Nome: R204c_SCIH2+VNS_Basic
Indices:
Alfa1: 0.1 Alfa2: 0 Alfa3: 0.9 Alfa4: 0.1
Beta1: 0 Beta2: 0.2 Beta3: 0.5 Beta4: 0.4
Qtd_Rotas: 9 Dist_Total: 1036.3 Custo_Total: 584
ROTAS:
#  Custo Demanda Distancia k f Clientes
1 104 298 197.3 1 3 0 50 33 81 78 34 35 71 65 66 20 32 90 63 64 49 19 11 10 88 52 27 0
2 75 195 139.6 1 2 0 41 22 75 56 23 67 39 55 25 24 29 3 77 28 0
3 75 214 139.9 1 2 0 96 93 85 44 38 86 17 46 36 47 48 0
4 75 220 138 1 2 0 2 57 15 43 42 14 16 45 84 61 91 100 37 98 59 95 94 0
5 45 120 78.1 1 1 0 12 80 68 79 9 51 1 0
6 45 84 79.9 1 1 0 6 92 99 5 60 83 8 82 7 0
7 45 92 79.7 1 1 0 70 30 62 31 69 53 0
8 45 134 78.2 1 1 0 40 21 73 74 72 4 54 26 58 0
9 75 101 105.6 1 2 0 18 76 89 97 87 13 0

