Nome: RC203c_SCIH2+VNS_Basic
Indices:
Alfa1: 0.2 Alfa2: 0 Alfa3: 1 Alfa4: 0.1
Beta1: 0.1 Beta2: 0.3 Beta3: 0.3 Beta4: 0.2
Qtd_Rotas: 17 Dist_Total: 1682.4 Custo_Total: 514
ROTAS:
#  Custo Demanda Distancia k f Clientes
1 64 195 134.8 2 2 0 95 34 31 29 27 26 28 33 30 32 50 67 0
2 43 94 139.2 1 2 0 52 74 58 75 77 25 21 20 0
3 43 98 126.9 1 2 0 85 76 89 18 48 49 0
4 43 99 130.5 1 2 0 73 17 16 97 59 0
5 43 98 130.6 1 2 0 62 63 19 23 24 82 0
6 64 200 134.9 2 2 0 42 39 37 36 38 44 41 40 35 43 0
7 64 193 111.2 2 2 0 2 7 46 45 8 6 4 5 3 1 100 0
8 15 80 79.7 1 1 0 12 15 11 0
9 15 75 78.8 1 1 0 88 60 79 98 0
10 15 55 79.8 1 1 0 53 14 47 10 0
11 15 56 79.5 1 1 0 86 87 99 0
12 15 46 79.8 1 1 0 65 9 13 0
13 15 93 77.5 1 1 0 57 22 83 66 0
14 15 86 76.7 1 1 0 64 84 51 56 91 0
15 15 91 74.9 1 1 0 69 78 55 68 0
16 15 100 70.4 1 1 0 96 94 93 71 72 54 81 0
17 15 65 77.2 1 1 0 92 80 61 70 90 0

