Nome: R105a_SCIH2+VNS_Basic
Indices:
Alfa1: 0.1 Alfa2: 0 Alfa3: 0.9 Alfa4: 0.1
Beta1: 0 Beta2: 0.2 Beta3: 0.5 Beta4: 0.4
Qtd_Rotas: 37 Dist_Total: 2685.6 Custo_Total: 2894.1
ROTAS:
#  Custo Demanda Distancia k f Clientes
1 103 49 116.9 2 4 0 65 71 35 80 0
2 71 29 129.4 1 4 0 19 64 46 17 0
3 105.3 50 132.3 2 5 0 83 36 49 60 91 0
4 64 30 97.9 1 3 0 67 41 0
5 96 48 91.2 2 3 0 92 61 38 100 0
6 96 49 96.4 2 3 0 30 90 66 0
7 96 49 93.5 2 3 0 23 75 55 0
8 96 48 93.2 2 3 0 9 34 54 0
9 96 50 86.5 2 3 0 42 98 86 0
10 103 48 125.6 2 4 0 63 62 10 24 0
11 103 48 120.3 2 4 0 14 44 6 43 0
12 111.8 48 138.8 2 5 0 47 78 3 70 0
13 96 50 98.2 2 3 0 69 82 7 32 0
14 88 50 68.4 2 2 0 39 4 0
15 64 28 93.1 1 3 0 45 11 0
16 103 49 111.5 2 4 0 33 29 79 25 0
17 58 29 66.7 1 2 0 51 20 1 0
18 96 49 84.5 2 3 0 15 16 93 0
19 88 49 66.2 2 2 0 72 22 56 0
20 88 45 63.5 2 2 0 8 48 0
21 58 26 55.2 1 2 0 81 0
22 58 28 50.3 1 2 0 21 73 74 0
23 88 50 61.2 2 2 0 84 37 97 13 0
24 58 27 52 1 2 0 95 57 0
25 88 50 46.2 2 2 0 99 85 0
26 88 50 46.1 2 2 0 68 77 0
27 58 26 41.2 1 2 0 5 0
28 58 30 49.6 1 2 0 52 88 18 0
29 50 26 36.8 1 1 0 87 0
30 50 25 36.2 1 1 0 2 58 0
31 50 28 35.6 1 1 0 59 0
32 50 27 35 1 1 0 31 0
33 50 26 38.1 1 1 0 76 50 0
34 50 26 33.2 1 1 0 96 89 0
35 88 45 47.4 2 2 0 12 40 26 0
36 50 27 24 1 1 0 94 0
37 80 46 23.4 2 1 0 27 28 53 0

