Nome: RC206a_SCIH2+VNS_Basic
Indices:
Alfa1: 0.2 Alfa2: 0 Alfa3: 1 Alfa4: 0.1
Beta1: 0.1 Beta2: 0.3 Beta3: 0.3 Beta4: 0.2
Qtd_Rotas: 18 Dist_Total: 1972.8 Custo_Total: 3200
ROTAS:
#  Custo Demanda Distancia k f Clientes
1 178 100 135.6 1 2 0 33 30 29 27 28 26 32 0
2 178 100 138.1 1 2 0 59 75 58 97 13 0
3 204 99 152.6 1 3 0 63 76 89 48 25 77 0
4 204 100 170.1 1 3 0 52 67 62 85 31 34 50 93 0
5 178 100 96.4 1 2 0 19 18 21 23 0
6 178 100 99.2 1 2 0 36 40 35 37 0
7 178 100 90.9 1 2 0 12 14 15 16 47 17 0
8 178 100 111.5 1 2 0 7 45 5 8 3 1 46 0
9 178 98 130.5 1 2 0 69 98 53 78 73 60 74 0
10 178 98 139.6 1 2 0 88 79 6 44 100 55 0
11 178 98 89.2 1 2 0 65 86 87 9 99 90 0
12 178 98 95.7 1 2 0 72 38 39 42 43 41 0
13 178 99 91 1 2 0 95 64 22 49 20 66 0
14 150 93 74.4 1 1 0 2 4 70 0
15 178 97 123.8 1 2 0 83 57 84 51 24 91 0
16 178 98 94.3 1 2 0 82 11 10 56 0
17 178 98 81.3 1 2 0 61 81 94 71 96 54 0
18 150 48 58.6 1 1 0 92 68 80 0

