Nome: R209c_SCIH2+VNS_Basic
Indices:
Alfa1: 0.1 Alfa2: 0 Alfa3: 0.9 Alfa4: 0.1
Beta1: 0 Beta2: 0.2 Beta3: 0.5 Beta4: 0.4
Qtd_Rotas: 7 Dist_Total: 1108 Custo_Total: 606
ROTAS:
#  Custo Demanda Distancia k f Clientes
1 131 296 257.6 1 4 0 88 62 11 19 47 36 64 63 90 51 9 71 33 78 34 35 65 66 20 32 10 70 1 0
2 104 300 194.8 1 3 0 95 92 98 85 61 16 44 42 14 38 86 17 84 45 8 46 49 48 0
3 75 260 139.3 1 2 0 53 40 73 72 41 22 75 56 23 67 39 25 55 54 24 80 68 0
4 75 229 139.9 1 2 0 31 7 82 83 5 99 59 87 57 15 43 91 100 37 93 96 0
5 45 120 78.3 1 1 0 28 12 76 79 29 3 77 50 0
6 45 69 69.4 1 1 0 81 30 69 27 0
7 131 184 228.7 1 4 0 52 2 21 18 4 74 13 94 97 6 60 89 26 58 0

