Nome: RC208c_SCIH2+VNS_Basic
Indices:
Alfa1: 0.2 Alfa2: 0 Alfa3: 1 Alfa4: 0.1
Beta1: 0.1 Beta2: 0.3 Beta3: 0.3 Beta4: 0.2
Qtd_Rotas: 16 Dist_Total: 1527.9 Custo_Total: 492
ROTAS:
#  Custo Demanda Distancia k f Clientes
1 64 197 137.9 2 2 0 95 62 50 34 31 29 27 26 28 30 32 33 63 85 0
2 43 96 139.3 1 2 0 52 58 75 77 25 21 49 20 0
3 64 199 129.8 2 2 0 51 76 89 18 48 23 19 24 83 0
4 43 99 130.5 1 2 0 73 17 16 97 59 0
5 64 200 95.9 2 2 0 41 39 38 37 35 36 40 43 44 42 0
6 64 200 136.6 2 2 0 47 79 6 7 8 46 4 45 5 3 1 0
7 15 80 79.7 1 1 0 12 15 11 0
8 15 56 79.5 1 1 0 86 87 99 0
9 15 74 79.8 1 1 0 82 9 13 10 53 0
10 15 63 76.7 1 1 0 65 74 57 66 0
11 15 46 79.3 1 1 0 98 78 14 0
12 15 76 76.8 1 1 0 56 22 64 0
13 15 92 79.8 1 1 0 70 100 2 60 88 0
14 15 83 79.6 1 1 0 81 54 72 71 93 67 94 0
15 15 90 76.5 1 1 0 80 96 92 84 91 90 0
16 15 73 50.2 1 1 0 69 55 68 61 0

