Nome: C102a_SCIH2+VNS_Basic
Indices:
Alfa1: 0.4 Alfa2: 0 Alfa3: 1 Alfa4: 0.1
Beta1: 0 Beta2: 0.1 Beta3: 0.2 Beta4: 0.3
Qtd_Rotas: 19 Dist_Total: 1493.7 Custo_Total: 6165
ROTAS:
#  Custo Demanda Distancia k f Clientes
1 343 100 124.3 1 4 0 78 76 70 73 77 79 80 0
2 343 100 124.2 1 4 0 81 71 82 83 89 91 0
3 329 100 95.8 1 3 0 55 56 58 60 59 0
4 329 100 91 1 3 0 57 54 53 0
5 329 100 95.5 1 3 0 96 92 94 95 99 98 0
6 329 100 91.4 1 3 0 93 97 100 1 0
7 329 100 94.4 1 3 0 52 35 37 38 39 36 0
8 329 100 90.6 1 3 0 18 19 16 14 12 0
9 329 100 80.9 1 3 0 13 17 15 9 0
10 329 100 85.6 1 3 0 32 31 34 29 30 26 0
11 329 100 92 1 3 0 20 33 45 51 48 50 49 0
12 329 100 78.8 1 3 0 90 87 86 85 84 5 0
13 329 100 74 1 3 0 7 8 3 75 88 0
14 315 100 55.6 1 2 0 67 65 62 72 61 64 68 66 69 0
15 315 100 50.4 1 2 0 43 42 41 40 44 46 47 0
16 315 100 63.5 1 2 0 21 10 11 2 6 4 0
17 300 100 39.7 1 1 0 63 74 0
18 315 100 40 1 2 0 24 25 27 28 22 0
19 300 10 26 1 1 0 23 0

