Nome: R102a_SCIH2+VNS_Basic
Indices:
Alfa1: 0.1 Alfa2: 0 Alfa3: 0.9 Alfa4: 0.1
Beta1: 0 Beta2: 0.2 Beta3: 0.5 Beta4: 0.4
Qtd_Rotas: 37 Dist_Total: 2515.7 Custo_Total: 2871.2
ROTAS:
#  Custo Demanda Distancia k f Clientes
1 103 49 116.9 2 4 0 65 71 35 80 0
2 104.9 49 131.9 2 5 0 36 64 90 10 82 0
3 103 50 122.5 2 4 0 19 49 17 91 0
4 103 50 127.2 2 4 0 92 75 67 55 24 0
5 103 46 101.8 2 4 0 42 44 38 43 0
6 96 46 88.2 2 3 0 9 66 70 0
7 103 50 102.2 2 4 0 23 22 60 0
8 96 50 91.6 2 3 0 33 29 78 34 3 0
9 96 49 96.6 2 3 0 45 47 46 7 0
10 96 48 70.9 2 3 0 61 86 0
11 103 50 111 2 4 0 63 62 11 20 0
12 88 50 69.8 2 2 0 69 30 32 0
13 88 50 68.4 2 2 0 39 4 0
14 104.3 49 131.3 2 5 0 14 41 54 25 0
15 96 48 73.2 2 3 0 15 37 98 93 0
16 88 48 68 2 2 0 96 16 84 83 0
17 64 30 85.8 1 3 0 73 57 56 74 0
18 88 45 63.5 2 2 0 8 48 0
19 58 26 55.2 1 2 0 81 0
20 58 29 64.9 1 2 0 51 12 0
21 64 30 81.6 1 3 0 79 2 0
22 88 49 48.9 2 2 0 97 100 95 0
23 88 50 46.2 2 2 0 99 85 0
24 58 28 59.8 1 2 0 6 72 0
25 88 50 46.1 2 2 0 68 77 0
26 88 49 47.6 2 2 0 5 13 0
27 58 28 50.9 1 2 0 52 88 1 0
28 50 26 36.8 1 1 0 87 0
29 50 28 39.2 1 1 0 21 26 0
30 50 28 35.6 1 1 0 59 0
31 50 27 35 1 1 0 31 0
32 50 26 38.1 1 1 0 50 76 0
33 50 27 32.6 1 1 0 18 89 0
34 50 27 24 1 1 0 94 0
35 50 27 24.4 1 1 0 40 58 0
36 50 30 18 1 1 0 28 53 0
37 50 16 10 1 1 0 27 0

