Nome: R102b_SCIH2+VNS_Basic
Indices:
Alfa1: 0.1 Alfa2: 0 Alfa3: 0.9 Alfa4: 0.1
Beta1: 0 Beta2: 0.2 Beta3: 0.5 Beta4: 0.4
Qtd_Rotas: 30 Dist_Total: 2166 Custo_Total: 836.8
ROTAS:
#  Custo Demanda Distancia k f Clientes
1 61.8 79 139.8 3 5 0 65 71 9 34 35 80 0
2 52 80 129.3 3 4 0 36 64 49 82 7 89 0
3 45 79 92 3 3 0 72 23 67 0
4 52 80 114.1 3 4 0 14 38 43 91 98 5 0
5 32 49 96.6 2 3 0 62 66 70 0
6 52 78 127.1 3 4 0 47 19 8 46 17 83 96 0
7 45 80 75.5 3 3 0 92 37 61 86 93 0
8 32 50 94.7 2 3 0 63 30 90 10 0
9 52 78 114.4 3 4 0 33 29 81 20 32 0
10 24 50 68.4 2 2 0 39 4 0
11 24 28 93.1 1 3 0 45 11 0
12 32 47 90.1 2 3 0 79 54 25 0
13 37 76 64.5 3 2 0 85 44 100 0
14 24 49 66.9 2 2 0 12 78 3 77 0
15 32 47 95.6 2 3 0 73 22 55 75 0
16 24 48 69.9 2 2 0 59 42 15 57 0
17 32 49 86.9 2 3 0 51 68 24 0
18 24 49 66.1 2 2 0 95 16 84 60 0
19 24 30 73.2 1 3 0 41 56 74 21 0
20 24 45 60 2 2 0 88 48 0
21 16 49 36.9 2 1 0 87 13 0
22 10 25 36.2 1 1 0 2 58 0
23 10 27 35 1 1 0 31 0
24 16 39 35.7 2 1 0 94 99 6 0
25 10 26 37.3 1 1 0 53 97 0
26 10 23 38.5 1 1 0 1 50 0
27 10 21 34.7 1 1 0 18 52 0
28 10 30 39.5 1 1 0 26 76 0
29 10 22 24.5 1 1 0 27 69 0
30 10 25 29.5 1 1 0 28 40 0

