Nome: RC101c_SCIH2+VNS_Basic
Indices:
Alfa1: 0.2 Alfa2: 0 Alfa3: 1 Alfa4: 0.1
Beta1: 0.1 Beta2: 0.3 Beta3: 0.3 Beta4: 0.2
Qtd_Rotas: 22 Dist_Total: 1998 Custo_Total: 739.2
ROTAS:
#  Custo Demanda Distancia k f Clientes
1 72.2 127 146.2 3 5 0 92 27 28 30 26 34 32 93 0
2 39.8 74 130.8 2 5 0 52 75 97 58 0
3 39 78 129.1 2 4 0 95 63 76 89 48 0
4 39 70 116 2 4 0 33 29 31 50 0
5 64.2 137 138.2 3 5 0 21 23 19 18 49 25 77 0
6 77 193 134 4 5 0 42 39 36 40 38 43 37 35 70 0
7 39 78 113.8 2 4 0 59 87 86 74 24 0
8 32 80 91.5 2 3 0 14 47 16 15 17 0
9 73 173 123 4 4 0 45 5 2 8 7 46 3 1 4 100 0
10 32 79 95.4 2 3 0 73 79 78 60 0
11 48 145 99.4 3 3 0 65 82 12 11 9 10 13 0
12 22 34 98.9 1 3 0 62 85 51 20 0
13 32 80 90.7 2 3 0 72 44 41 54 96 0
14 32 77 77.5 2 3 0 83 57 22 0
15 14 39 69.2 1 2 0 88 6 0
16 14 40 67.4 1 2 0 67 84 91 0
17 14 37 53.2 1 2 0 71 94 0
18 24 79 64.6 2 2 0 69 64 56 66 0
19 14 29 67.3 1 2 0 98 99 53 0
20 6 19 35.9 1 1 0 61 81 0
21 6 37 34.1 1 1 0 55 68 0
22 6 19 21.8 1 1 0 90 80 0

