Nome: RC207a_SCIH2+VNS_Basic
Indices:
Alfa1: 0.2 Alfa2: 0 Alfa3: 1 Alfa4: 0.1
Beta1: 0.1 Beta2: 0.3 Beta3: 0.3 Beta4: 0.2
Qtd_Rotas: 18 Dist_Total: 1916.8 Custo_Total: 3170
ROTAS:
#  Custo Demanda Distancia k f Clientes
1 178 100 135.6 1 2 0 33 30 29 27 28 26 32 0
2 204 99 154.7 1 3 0 52 21 25 77 75 97 74 0
3 204 100 168 1 3 0 62 85 63 76 89 48 20 24 93 0
4 204 98 142.2 1 3 0 95 67 31 34 50 100 0
5 178 99 128.5 1 2 0 59 58 23 18 49 0
6 178 100 94.7 1 2 0 40 37 35 36 0
7 178 100 111.8 1 2 0 53 73 14 47 17 16 15 13 0
8 178 100 99.6 1 2 0 7 8 45 5 3 1 46 0
9 178 99 90.3 1 2 0 51 19 22 0
10 178 95 91.2 1 2 0 98 88 6 79 60 0
11 178 98 89.2 1 2 0 65 86 87 9 99 90 0
12 178 100 92.5 1 2 0 38 42 44 43 39 41 0
13 150 93 74.4 1 1 0 2 4 70 0
14 150 99 72.5 1 1 0 82 12 11 10 0
15 178 99 127.7 1 2 0 72 69 78 55 68 0
16 150 98 79 1 1 0 83 66 64 84 56 92 0
17 178 92 115.5 1 2 0 61 81 71 94 80 57 0
18 150 55 49.4 1 1 0 91 96 54 0

