Nome: RC105b_SCIH2+VNS_Basic
Indices:
Alfa1: 0.2 Alfa2: 0 Alfa3: 1 Alfa4: 0.1
Beta1: 0.1 Beta2: 0.3 Beta3: 0.3 Beta4: 0.2
Qtd_Rotas: 32 Dist_Total: 2519.3 Custo_Total: 1097
ROTAS:
#  Custo Demanda Distancia k f Clientes
1 54 80 125.6 2 4 0 28 26 27 29 32 0
2 54 74 120.6 2 4 0 52 97 75 58 0
3 35 39 128.6 1 4 0 62 85 63 89 93 0
4 54 76 122.1 2 4 0 95 31 33 30 34 0
5 54 77 111.5 2 4 0 19 23 77 0
6 54 80 112 2 4 0 18 49 48 21 25 24 0
7 47 80 94 2 3 0 39 36 37 35 0
8 54 79 119.8 2 4 0 76 22 74 0
9 54 73 121.9 2 4 0 86 87 59 13 100 0
10 47 80 91.8 2 3 0 14 16 15 47 17 0
11 47 80 84.2 2 3 0 45 5 3 4 0
12 47 78 95.4 2 3 0 72 42 44 40 43 0
13 28 35 86.7 1 3 0 79 73 0
14 47 80 97.9 2 3 0 7 8 6 46 1 0
15 47 75 78.2 2 3 0 61 38 41 54 0
16 28 39 71.2 1 3 0 67 50 0
17 35 38 100 1 4 0 82 51 20 0
18 47 80 81.5 2 3 0 11 9 12 0
19 20 36 65.1 1 2 0 98 78 0
20 20 35 65.7 1 2 0 53 10 0
21 28 40 74.7 1 3 0 81 2 0
22 20 37 54.2 1 2 0 84 56 0
23 20 37 55.3 1 2 0 83 57 0
24 20 36 54 1 2 0 88 60 0
25 20 37 53.2 1 2 0 94 71 0
26 20 39 63.2 1 2 0 64 90 66 0
27 20 31 42 1 2 0 65 99 0
28 20 39 44 1 2 0 55 70 0
29 20 40 41.5 1 2 0 92 96 0
30 12 26 25 1 1 0 80 91 0
31 12 21 20 1 1 0 68 0
32 12 27 18.4 1 1 0 69 0

