Nome: R106c_SCIH2+VNS_Basic
Indices:
Alfa1: 0.1 Alfa2: 0 Alfa3: 0.9 Alfa4: 0.1
Beta1: 0 Beta2: 0.2 Beta3: 0.5 Beta4: 0.4
Qtd_Rotas: 25 Dist_Total: 1780.2 Custo_Total: 560
ROTAS:
#  Custo Demanda Distancia k f Clientes
1 53 111 132 4 5 0 34 65 71 66 20 32 70 0
2 51 112 119.5 4 4 0 48 47 36 64 49 7 0
3 43 116 92.6 4 3 0 72 75 23 67 4 0
4 43 116 99.3 4 3 0 42 14 38 86 91 100 93 0
5 31 79 97.3 3 3 0 79 81 9 35 80 0
6 31 79 87.9 3 3 0 5 83 45 8 46 82 0
7 38 74 100.8 3 4 0 63 11 62 19 10 0
8 31 80 88.5 3 3 0 59 37 16 44 43 0
9 38 78 105.4 3 4 0 39 41 22 56 54 0
10 13 27 69.8 1 2 0 12 55 25 0
11 31 75 88.9 3 3 0 3 33 30 90 31 0
12 38 75 122.9 3 4 0 29 51 78 68 24 77 0
13 23 80 67.2 3 2 0 15 57 87 97 94 0
14 16 50 69.8 2 2 0 85 84 17 0
15 16 48 59.1 2 2 0 92 61 98 13 0
16 16 48 64.7 2 2 0 95 73 74 21 0
17 5 18 39.6 1 1 0 52 88 0
18 5 25 36.2 1 1 0 2 58 0
19 5 21 38.2 1 1 0 6 60 89 0
20 5 20 35 1 1 0 96 99 0
21 5 23 38.5 1 1 0 1 50 0
22 5 12 31.6 1 1 0 18 0
23 5 30 39.5 1 1 0 26 76 0
24 5 22 24.5 1 1 0 27 69 0
25 8 39 31.4 2 1 0 28 53 40 0

