Nome: R204a_SCIH2+VNS_Basic
Indices:
Alfa1: 0.1 Alfa2: 0 Alfa3: 0.9 Alfa4: 0.1
Beta1: 0 Beta2: 0.2 Beta3: 0.5 Beta4: 0.4
Qtd_Rotas: 5 Dist_Total: 1041.6 Custo_Total: 3143.6
ROTAS:
#  Custo Demanda Distancia k f Clientes
1 858.6 400 360.6 2 6 0 50 33 81 78 34 35 71 65 66 20 32 90 63 64 49 19 11 10 88 7 47 36 46 8 45 17 84 16 91 37 52 27 55 0
2 536 300 213.8 1 4 0 6 60 92 2 57 42 14 43 15 41 22 75 56 23 67 39 25 24 29 3 77 68 80 12 0
3 790 393 219.5 2 4 0 18 82 48 62 70 51 69 83 5 44 38 86 61 99 93 85 100 98 97 95 59 96 0
4 509 298 189.8 1 3 0 89 76 1 31 30 9 79 54 4 74 72 73 21 40 13 58 26 28 0
5 450 67 57.9 1 1 0 94 53 87 0

