Nome: R104c_SCIH2+VNS_Basic
Indices:
Alfa1: 0.1 Alfa2: 0 Alfa3: 0.9 Alfa4: 0.1
Beta1: 0 Beta2: 0.2 Beta3: 0.5 Beta4: 0.4
Qtd_Rotas: 24 Dist_Total: 1662 Custo_Total: 529.3
ROTAS:
#  Custo Demanda Distancia k f Clientes
1 54.3 120 133.3 4 5 0 78 34 35 71 65 66 20 32 90 0
2 52 120 131 4 5 0 7 19 64 49 36 47 46 5 0
3 43 116 92.6 4 3 0 72 75 23 67 4 0
4 43 118 96.3 4 3 0 42 14 38 86 16 91 93 0
5 31 78 98.3 3 3 0 70 10 63 30 81 0
6 43 114 95.1 4 3 0 98 85 61 44 43 100 37 0
7 31 80 90.8 3 3 0 54 39 41 22 74 0
8 43 119 95.7 4 3 0 88 62 11 48 82 45 83 0
9 38 75 108.5 3 4 0 51 33 79 3 29 24 25 0
10 13 30 68.8 1 2 0 9 77 0
11 16 44 69.6 2 2 0 68 80 55 0
12 23 80 66 3 2 0 57 15 87 97 94 0
13 16 48 66 2 2 0 96 59 17 84 0
14 16 49 68.7 2 2 0 73 56 21 13 0
15 16 39 69.7 2 2 0 60 8 31 0
16 5 22 36.9 1 1 0 92 95 0
17 5 25 36.2 1 1 0 2 58 0
18 5 24 37.3 1 1 0 89 99 0
19 5 26 38.1 1 1 0 50 76 0
20 5 15 38.2 1 1 0 6 18 0
21 5 16 31.9 1 1 0 1 69 0
22 8 36 33.3 2 1 0 12 26 0
23 5 25 24.8 1 1 0 27 52 0
24 8 39 34.9 2 1 0 53 28 40 0

