Nome: R206a_SCIH2+VNS_Basic
Indices:
Alfa1: 0.1 Alfa2: 0 Alfa3: 0.9 Alfa4: 0.1
Beta1: 0 Beta2: 0.2 Beta3: 0.5 Beta4: 0.4
Qtd_Rotas: 5 Dist_Total: 1385 Custo_Total: 3029.4
ROTAS:
#  Custo Demanda Distancia k f Clientes
1 588.5 300 345.5 1 6 0 28 33 3 29 34 71 65 9 90 30 51 81 79 78 35 66 20 32 10 70 1 24 91 0
2 604.9 300 361.9 1 6 0 92 52 31 62 48 47 36 11 63 64 49 19 46 8 83 18 84 17 98 37 55 96 60 82 7 0
3 818 396 316.7 2 5 0 42 15 21 72 75 23 67 39 41 57 44 38 86 61 99 6 25 4 56 74 2 100 59 95 94 0
4 509 295 191.3 1 3 0 27 69 45 5 85 16 14 43 93 97 13 58 68 80 77 50 0
5 509 167 169.6 1 3 0 88 53 87 22 73 40 76 12 54 26 89 0

