Nome: RC207c_SCIH2+VNS_Basic
Indices:
Alfa1: 0.2 Alfa2: 0 Alfa3: 1 Alfa4: 0.1
Beta1: 0.1 Beta2: 0.3 Beta3: 0.3 Beta4: 0.2
Qtd_Rotas: 16 Dist_Total: 1577.8 Custo_Total: 547
ROTAS:
#  Custo Demanda Distancia k f Clientes
1 64 183 139.9 2 2 0 62 33 30 31 29 27 28 26 32 34 50 0
2 91 191 198.4 2 3 0 52 21 23 25 77 75 59 87 97 58 74 24 0
3 43 93 137.3 1 2 0 67 85 63 76 89 48 20 0
4 43 98 132.1 1 2 0 95 51 19 18 49 93 0
5 64 200 110.9 2 2 0 41 42 44 39 38 40 37 35 36 43 0
6 43 100 111.8 1 2 0 53 73 14 47 17 16 15 13 0
7 64 193 120.5 2 2 0 79 6 7 8 45 5 3 1 4 46 100 0
8 15 94 78.9 1 1 0 83 57 22 64 0
9 15 95 79.3 1 1 0 12 11 9 99 0
10 15 88 73.7 1 1 0 98 88 78 60 55 0
11 15 69 75.7 1 1 0 82 86 65 66 0
12 15 84 78.3 1 1 0 90 10 69 68 0
13 15 62 74.8 1 1 0 61 2 70 0
14 15 91 78.4 1 1 0 71 72 54 96 92 91 0
15 15 73 63.8 1 1 0 56 84 94 80 0
16 15 10 24 1 1 0 81 0

