Nome: RC106c_SCIH2+VNS_Basic
Indices:
Alfa1: 0.2 Alfa2: 0 Alfa3: 1 Alfa4: 0.1
Beta1: 0.1 Beta2: 0.3 Beta3: 0.3 Beta4: 0.2
Qtd_Rotas: 19 Dist_Total: 1820.2 Custo_Total: 734.1
ROTAS:
#  Custo Demanda Distancia k f Clientes
1 57.4 147 131.4 3 5 0 92 31 29 28 26 27 32 34 93 0
2 71 130 145 3 5 0 65 52 59 87 75 58 97 74 0
3 43.3 77 134.3 2 5 0 62 85 63 76 89 48 0
4 39 76 124.6 2 4 0 30 33 51 84 56 0
5 61.9 147 135.9 3 5 0 19 18 21 23 49 25 77 24 0
6 80.8 193 137.8 4 5 0 42 39 38 40 36 41 37 35 43 100 0
7 81.7 187 138.7 4 5 0 14 11 16 15 47 78 17 10 13 0
8 56 150 102.3 3 4 0 2 45 8 5 3 1 46 4 0
9 39 77 114.4 2 4 0 7 79 73 53 60 0
10 39 78 129.6 2 4 0 44 72 71 50 66 0
11 32 78 90.3 2 3 0 86 22 20 0
12 39 69 108.7 2 4 0 82 9 12 6 0
13 32 75 82.2 2 3 0 95 64 83 57 99 0
14 24 74 67.9 2 2 0 94 67 54 96 0
15 14 38 54.3 1 2 0 90 61 70 0
16 6 35 38.3 1 1 0 88 55 0
17 6 36 28.3 1 1 0 69 98 0
18 6 31 31.2 1 1 0 81 68 0
19 6 26 25 1 1 0 80 91 0

