Nome: RC208a_SCIH2+VNS_Basic
Indices:
Alfa1: 0.2 Alfa2: 0 Alfa3: 1 Alfa4: 0.1
Beta1: 0.1 Beta2: 0.3 Beta3: 0.3 Beta4: 0.2
Qtd_Rotas: 18 Dist_Total: 1889 Custo_Total: 3144
ROTAS:
#  Custo Demanda Distancia k f Clientes
1 178 100 127.1 1 2 0 29 27 26 28 30 32 33 0
2 204 98 162.2 1 3 0 52 58 75 77 25 21 49 20 85 0
3 204 98 142.9 1 3 0 48 18 89 76 63 62 93 0
4 178 98 138.3 1 2 0 95 50 34 31 67 100 0
5 178 99 130.5 1 2 0 73 17 16 97 59 0
6 178 98 135 1 2 0 13 74 19 23 24 0
7 178 100 91.5 1 2 0 37 35 36 40 0
8 178 100 92.3 1 2 0 7 8 46 45 5 3 1 0
9 178 100 82.9 1 2 0 12 14 47 15 11 0
10 178 100 93.4 1 2 0 98 53 60 79 6 88 0
11 178 98 89.2 1 2 0 65 86 87 9 99 90 0
12 178 100 85.3 1 2 0 42 44 43 38 39 41 0
13 150 93 74.4 1 1 0 70 4 2 0
14 150 94 78.9 1 1 0 83 57 22 64 0
15 150 99 77.9 1 1 0 91 92 84 51 56 66 0
16 178 96 125.7 1 2 0 69 82 78 55 61 72 0
17 178 91 119.9 1 2 0 71 54 81 68 10 0
18 150 62 41.6 1 1 0 80 96 94 0

