Nome: RC104c_SCIH2+VNS_Basic
Indices:
Alfa1: 0.2 Alfa2: 0 Alfa3: 1 Alfa4: 0.1
Beta1: 0.1 Beta2: 0.3 Beta3: 0.3 Beta4: 0.2
Qtd_Rotas: 18 Dist_Total: 1586.8 Custo_Total: 667.8
ROTAS:
#  Custo Demanda Distancia k f Clientes
1 73 186 128.7 4 4 0 95 33 32 30 28 26 27 29 31 34 50 0
2 69.2 141 143.2 3 5 0 52 86 59 87 97 75 58 77 0
3 74.6 194 131.6 4 5 0 85 63 89 76 18 48 21 19 49 22 0
4 56 121 118 3 4 0 51 20 24 23 25 57 82 0
5 48 150 95.8 3 3 0 42 38 37 35 36 40 39 0
6 48 150 93.8 3 3 0 17 16 15 11 10 9 0
7 73 192 121.5 4 4 0 78 73 7 6 8 46 4 45 5 3 1 0
8 39 80 116.3 2 4 0 79 47 14 12 13 0
9 32 75 96.2 2 3 0 44 43 41 72 71 93 0
10 29 40 123.8 1 4 0 62 99 74 83 0
11 32 78 83.9 2 3 0 53 60 2 100 70 0
12 14 40 68.8 1 2 0 91 67 84 0
13 24 73 59.7 2 2 0 94 92 56 64 0
14 32 80 76.4 2 3 0 88 61 54 96 81 0
15 6 25 37.1 1 1 0 98 55 0
16 6 32 30.9 1 1 0 66 65 0
17 6 27 27.5 1 1 0 68 90 0
18 6 40 33.6 1 1 0 80 69 0

