Nome: RC203a_SCIH2+VNS_Basic
Indices:
Alfa1: 0.2 Alfa2: 0 Alfa3: 1 Alfa4: 0.1
Beta1: 0.1 Beta2: 0.3 Beta3: 0.3 Beta4: 0.2
Qtd_Rotas: 18 Dist_Total: 1980.6 Custo_Total: 3172
ROTAS:
#  Custo Demanda Distancia k f Clientes
1 178 100 131.7 1 2 0 29 27 26 28 33 30 32 0
2 178 100 139.2 1 2 0 90 52 74 58 75 77 25 21 20 0
3 178 100 129.2 1 2 0 48 18 89 76 63 85 95 0
4 204 100 186.6 1 3 0 73 62 50 34 31 67 93 0
5 178 99 116.7 1 2 0 53 17 16 97 59 0
6 178 100 137.7 1 2 0 24 19 23 49 13 0
7 178 100 99.8 1 2 0 37 36 40 35 0
8 178 100 99.6 1 2 0 7 46 45 8 5 3 1 0
9 178 100 82.9 1 2 0 12 14 47 15 11 0
10 178 98 98.2 1 2 0 88 60 79 6 100 98 0
11 204 100 143 1 3 0 72 65 86 87 9 99 0
12 178 100 91.9 1 2 0 39 42 44 43 38 41 0
13 150 93 75.4 1 1 0 4 2 70 0
14 150 93 77.5 1 1 0 57 22 83 66 0
15 178 100 112.1 1 2 0 91 64 84 51 56 71 0
16 178 98 100.3 1 2 0 69 82 78 55 61 81 0
17 178 93 109.7 1 2 0 10 96 54 68 0
18 150 50 49.1 1 1 0 92 80 94 0

