Nome: R201a_SCIH2+VNS_Basic
Indices:
Alfa1: 0.1 Alfa2: 0 Alfa3: 0.9 Alfa4: 0.1
Beta1: 0 Beta2: 0.2 Beta3: 0.5 Beta4: 0.4
Qtd_Rotas: 6 Dist_Total: 1569.3 Custo_Total: 3307.6
ROTAS:
#  Custo Demanda Distancia k f Clientes
1 634.3 300 391.3 1 6 0 92 42 28 33 65 71 9 51 81 79 78 3 34 66 20 32 35 24 4 74 25 80 77 70 0
2 588.3 300 345.3 1 6 0 59 14 5 83 45 82 47 36 19 62 11 64 90 6 49 46 48 17 91 60 89 0
3 563 299 295.7 1 5 0 95 2 72 39 15 67 23 75 73 40 99 87 57 22 41 56 55 54 26 1 0
4 536 299 249.9 1 4 0 69 29 12 21 98 61 16 44 38 86 84 85 37 96 97 43 100 93 58 0
5 536 247 255.7 1 4 0 27 31 63 30 52 7 88 18 53 94 8 10 50 68 13 0
6 450 13 31.4 1 1 0 76 0

