Nome: R109c_SCIH2+VNS_Basic
Indices:
Alfa1: 0.1 Alfa2: 0 Alfa3: 0.9 Alfa4: 0.1
Beta1: 0 Beta2: 0.2 Beta3: 0.5 Beta4: 0.4
Qtd_Rotas: 25 Dist_Total: 1768.1 Custo_Total: 550
ROTAS:
#  Custo Demanda Distancia k f Clientes
1 38 80 128.9 3 4 0 71 65 66 34 80 0
2 38 72 125.4 3 4 0 47 64 49 36 46 0
3 43 116 92.6 4 3 0 72 75 23 67 4 0
4 43 118 96.3 4 3 0 42 14 38 86 16 91 93 0
5 31 76 94 3 3 0 79 78 81 9 35 0
6 31 78 88.9 3 3 0 30 90 63 32 10 70 0
7 43 117 94.2 4 3 0 5 85 44 43 100 37 0
8 38 80 102.3 3 4 0 39 41 22 74 54 0
9 31 73 98.2 3 3 0 82 19 11 62 8 0
10 38 77 121.5 3 4 0 33 51 29 68 24 55 25 0
11 24 49 81.4 2 3 0 31 20 3 0
12 43 120 89.6 4 3 0 59 92 98 15 57 87 94 97 0
13 13 29 67.7 1 2 0 83 45 17 0
14 16 49 69.1 2 2 0 21 73 56 13 0
15 16 50 60.6 2 2 0 88 7 48 0
16 16 43 59.7 2 2 0 95 61 84 60 0
17 5 27 39.5 1 1 0 76 77 0
18 5 25 36.2 1 1 0 2 58 0
19 5 23 35.1 1 1 0 99 96 6 0
20 5 23 38.5 1 1 0 1 50 0
21 5 27 32.6 1 1 0 18 89 0
22 8 36 33.3 2 1 0 12 26 0
23 5 15 34.3 1 1 0 52 69 0
24 5 25 29.5 1 1 0 28 40 0
25 5 30 18.7 1 1 0 27 53 0

