Nome: RC204c_SCIH2+VNS_Basic
Indices:
Alfa1: 0.2 Alfa2: 0 Alfa3: 1 Alfa4: 0.1
Beta1: 0.1 Beta2: 0.3 Beta3: 0.3 Beta4: 0.2
Qtd_Rotas: 20 Dist_Total: 1864.8 Custo_Total: 531
ROTAS:
#  Custo Demanda Distancia k f Clientes
1 64 197 138.1 2 2 0 62 50 34 31 29 27 26 28 30 32 33 63 85 95 0
2 43 94 139.3 1 2 0 52 74 58 75 77 25 21 49 0
3 64 188 131.5 2 2 0 51 76 89 18 48 19 20 24 57 0
4 43 99 130.5 1 2 0 73 17 16 97 59 0
5 43 93 128.5 1 2 0 22 23 87 13 0
6 64 200 137.4 2 2 0 42 44 39 38 37 35 36 40 43 5 0
7 15 36 79.5 1 1 0 70 3 100 0
8 15 80 79.7 1 1 0 12 15 11 0
9 15 70 79.3 1 1 0 6 8 46 2 0
10 15 75 78.2 1 1 0 98 60 79 88 0
11 15 55 79.8 1 1 0 53 14 47 10 0
12 15 57 78.8 1 1 0 68 1 55 0
13 15 77 79.3 1 1 0 69 45 4 0
14 15 20 70.8 1 1 0 7 0
15 15 76 79.6 1 1 0 66 65 99 9 82 0
16 15 27 65.2 1 1 0 78 0
17 15 59 78.4 1 1 0 86 83 64 0
18 15 81 79.4 1 1 0 81 41 72 71 93 96 0
19 15 96 73.5 1 1 0 92 94 67 84 56 91 0
20 15 44 58 1 1 0 90 61 54 80 0

