Nome: RC206b_SCIH2+VNS_Basic
Indices:
Alfa1: 0.2 Alfa2: 0 Alfa3: 1 Alfa4: 0.1
Beta1: 0.1 Beta2: 0.3 Beta3: 0.3 Beta4: 0.2
Qtd_Rotas: 21 Dist_Total: 1950.4 Custo_Total: 880
ROTAS:
#  Custo Demanda Distancia k f Clientes
1 58 100 135.6 1 2 0 33 30 29 27 28 26 32 0
2 58 100 138.1 1 2 0 59 75 58 97 13 0
3 84 99 152.6 1 3 0 63 76 89 48 25 77 0
4 58 97 129.6 1 2 0 67 62 85 31 34 50 93 0
5 58 100 96.4 1 2 0 19 18 21 23 0
6 58 100 99.2 1 2 0 36 40 35 37 0
7 58 100 90.9 1 2 0 12 14 15 16 47 17 0
8 58 100 111.5 1 2 0 7 45 5 8 3 1 46 0
9 30 85 79.7 1 1 0 69 98 78 73 60 0
10 30 65 77.9 1 1 0 88 79 55 0
11 30 81 79.8 1 1 0 65 52 86 87 99 90 0
12 30 60 79.7 1 1 0 42 44 43 41 0
13 30 93 78 1 1 0 64 22 49 20 66 0
14 30 65 78.2 1 1 0 61 39 38 54 0
15 30 93 76.4 1 1 0 2 6 4 100 0
16 30 45 75.7 1 1 0 83 57 74 0
17 30 55 78.5 1 1 0 80 91 56 24 0
18 30 95 75 1 1 0 9 11 10 53 0
19 30 57 72.3 1 1 0 92 95 84 51 0
20 30 81 79.2 1 1 0 71 72 94 96 81 0
21 30 53 66.1 1 1 0 82 68 70 0

