Nome: C106a_SCIH2+VNS_Basic
Indices:
Alfa1: 0.4 Alfa2: 0 Alfa3: 1 Alfa4: 0.1
Beta1: 0 Beta2: 0.1 Beta3: 0.2 Beta4: 0.3
Qtd_Rotas: 19 Dist_Total: 1539.3 Custo_Total: 6165
ROTAS:
#  Custo Demanda Distancia k f Clientes
1 343 100 125.6 1 4 0 78 76 73 70 77 79 80 0
2 343 100 126.6 1 4 0 71 81 82 84 89 0
3 329 100 98.4 1 3 0 55 56 60 58 59 0
4 329 100 91.2 1 3 0 57 53 54 0
5 329 100 97.7 1 3 0 96 95 92 94 100 99 0
6 329 100 95.4 1 3 0 98 93 97 91 0
7 329 100 99.5 1 3 0 35 37 38 39 36 52 0
8 329 100 90.6 1 3 0 18 19 16 14 12 0
9 329 100 80.9 1 3 0 13 17 15 9 0
10 329 100 81.4 1 3 0 20 32 31 29 30 26 23 0
11 329 100 85.5 1 3 0 24 33 34 50 49 47 0
12 329 100 80.1 1 3 0 90 87 83 86 88 75 0
13 329 100 85.6 1 3 0 85 6 4 2 1 0
14 315 100 60 1 2 0 43 41 40 44 46 45 48 51 0
15 315 100 57.8 1 2 0 67 65 62 61 72 64 68 66 69 0
16 300 100 39.7 1 1 0 63 74 0
17 315 100 55.4 1 2 0 5 3 7 8 10 11 21 0
18 315 90 63.5 1 2 0 42 25 27 28 0
19 300 20 24.4 1 1 0 22 0

