Nome: R110c_SCIH2+VNS_Basic
Indices:
Alfa1: 0.1 Alfa2: 0 Alfa3: 0.9 Alfa4: 0.1
Beta1: 0 Beta2: 0.2 Beta3: 0.5 Beta4: 0.4
Qtd_Rotas: 26 Dist_Total: 1740.1 Custo_Total: 544.5
ROTAS:
#  Custo Demanda Distancia k f Clientes
1 51.6 119 130.6 4 5 0 33 78 35 71 65 66 20 32 70 0
2 53.9 120 132.9 4 5 0 47 19 64 49 36 46 45 89 0
3 43 116 92.6 4 3 0 72 75 23 67 4 0
4 43 117 99.4 4 3 0 42 14 38 86 44 91 93 0
5 51 119 120.2 4 4 0 30 9 51 81 34 79 24 80 0
6 31 79 98.6 3 3 0 5 7 62 63 90 10 0
7 31 74 97.6 3 3 0 83 84 61 16 100 43 0
8 38 80 102.3 3 4 0 39 41 22 74 54 0
9 16 48 68 2 2 0 88 11 31 0
10 19 23 96 1 3 0 29 55 25 56 0
11 31 77 83.1 3 3 0 59 87 15 57 37 0
12 23 80 68.4 3 2 0 17 85 98 94 0
13 23 77 69.8 3 2 0 27 8 82 48 0
14 16 49 49.9 2 2 0 68 3 0
15 16 50 48.4 2 2 0 58 73 13 0
16 5 27 39.5 1 1 0 76 77 0
17 8 34 39.5 2 1 0 95 97 92 0
18 5 16 38.6 1 1 0 2 40 0
19 5 28 39.2 1 1 0 21 26 0
20 5 6 38.1 1 1 0 6 60 0
21 5 20 35 1 1 0 96 99 0
22 5 23 38.5 1 1 0 1 50 0
23 5 12 31.6 1 1 0 18 0
24 5 19 30 1 1 0 12 0
25 5 15 34.3 1 1 0 69 52 0
26 5 30 18 1 1 0 28 53 0

