Nome: C207c_SCIH2+VNS_Basic
Indices:
Alfa1: 0.4 Alfa2: 0 Alfa3: 1 Alfa4: 0.1
Beta1: 0 Beta2: 0.1 Beta3: 0.2 Beta4: 0.3
Qtd_Rotas: 6 Dist_Total: 909.9 Custo_Total: 834
ROTAS:
#  Custo Demanda Distancia k f Clientes
1 159 400 195.5 1 3 0 5 75 1 7 3 89 4 91 88 86 84 83 82 85 76 71 70 73 80 79 81 78 77 87 96 0
2 130 400 139.8 1 2 0 67 66 69 61 64 68 65 49 55 54 53 60 58 56 59 57 40 44 46 45 41 42 47 43 48 0
3 186 400 238.6 1 4 0 20 22 93 2 99 100 97 92 94 95 98 12 14 16 19 9 90 11 10 8 21 0
4 159 390 199.5 1 3 0 24 27 30 29 6 31 32 36 39 38 37 35 33 34 28 26 23 18 25 51 52 50 0
5 100 90 78.8 1 1 0 17 13 15 0
6 100 130 57.7 1 1 0 62 63 74 72 0

