Nome: RC201b_SCIH2+VNS_Basic
Indices:
Alfa1: 0.2 Alfa2: 0 Alfa3: 1 Alfa4: 0.1
Beta1: 0.1 Beta2: 0.3 Beta3: 0.3 Beta4: 0.2
Qtd_Rotas: 21 Dist_Total: 1976 Custo_Total: 880
ROTAS:
#  Custo Demanda Distancia k f Clientes
1 58 96 138 1 2 0 62 29 27 30 28 26 32 93 0
2 84 100 179.6 1 3 0 59 52 75 97 58 77 0
3 58 98 136.4 1 2 0 95 63 76 89 48 25 0
4 58 98 134.9 1 2 0 72 33 31 34 50 0
5 58 100 96.4 1 2 0 23 21 18 19 0
6 58 100 99.2 1 2 0 36 40 35 37 0
7 58 98 118.9 1 2 0 14 47 15 16 17 13 74 0
8 58 100 106.1 1 2 0 45 5 8 7 46 3 1 0
9 30 85 79.7 1 1 0 69 98 78 73 60 0
10 30 65 77.9 1 1 0 88 79 55 0
11 30 78 79.8 1 1 0 65 86 87 99 90 0
12 30 61 77.7 1 1 0 42 44 43 68 0
13 30 93 78 1 1 0 64 22 49 20 66 0
14 30 76 77.8 1 1 0 39 38 41 54 0
15 30 93 76.4 1 1 0 2 6 4 100 0
16 30 84 79.8 1 1 0 51 85 84 56 91 80 0
17 30 47 76.3 1 1 0 83 57 24 0
18 30 99 76 1 1 0 82 11 9 10 0
19 30 25 65.4 1 1 0 12 53 0
20 30 86 71.2 1 1 0 92 67 71 94 96 0
21 30 42 50.5 1 1 0 81 61 70 0

