Nome: R208a_SCIH2+VNS_Basic
Indices:
Alfa1: 0.1 Alfa2: 0 Alfa3: 0.9 Alfa4: 0.1
Beta1: 0 Beta2: 0.2 Beta3: 0.5 Beta4: 0.4
Qtd_Rotas: 5 Dist_Total: 931.2 Custo_Total: 2793
ROTAS:
#  Custo Demanda Distancia k f Clientes
1 536 300 230.6 1 4 0 50 33 81 78 34 35 71 65 66 20 32 90 63 64 49 36 46 19 11 10 88 7 27 0
2 818 400 310.1 2 5 0 40 73 72 2 92 15 43 14 44 61 16 38 91 42 57 41 22 75 56 23 67 39 25 55 24 29 68 80 12 28 70 0
3 480 297 137.5 1 2 0 6 94 96 99 37 98 85 86 17 84 5 60 83 45 8 47 48 82 0
4 509 299 191.6 1 3 0 89 18 52 69 1 31 62 30 51 9 79 3 76 77 54 4 74 21 58 26 0
5 450 162 61.4 1 1 0 53 87 97 100 93 59 95 13 0

