Nome: C108c_SCIH2+VNS_Basic
Indices:
Alfa1: 0.4 Alfa2: 0 Alfa3: 1 Alfa4: 0.1
Beta1: 0 Beta2: 0.1 Beta3: 0.2 Beta4: 0.3
Qtd_Rotas: 19 Dist_Total: 1510.3 Custo_Total: 1021
ROTAS:
#  Custo Demanda Distancia k f Clientes
1 73 100 125.6 1 4 0 78 76 73 70 77 79 80 0
2 73 100 126.6 1 4 0 71 81 82 84 89 0
3 59 100 98.4 1 3 0 55 56 60 58 59 0
4 59 100 91.2 1 3 0 57 53 54 0
5 59 100 97.7 1 3 0 96 95 92 94 100 99 0
6 59 100 94.7 1 3 0 98 93 97 9 0
7 59 100 94.4 1 3 0 29 35 37 38 39 36 0
8 59 100 94.1 1 3 0 18 19 14 16 12 0
9 59 100 85.8 1 3 0 13 17 15 30 0
10 59 100 83.6 1 3 0 32 31 51 48 50 52 49 0
11 59 100 77.5 1 3 0 20 24 27 33 34 26 0
12 45 90 68.6 1 2 0 90 87 86 83 88 91 0
13 59 100 80.2 1 3 0 85 2 4 1 75 0
14 45 100 58.8 1 2 0 65 67 62 61 72 64 68 66 69 0
15 45 90 50.2 1 2 0 43 41 40 44 45 46 47 0
16 30 100 39.7 1 1 0 63 74 0
17 45 100 51.5 1 2 0 5 3 7 8 10 11 6 0
18 45 100 56 1 2 0 42 25 22 21 0
19 30 30 35.7 1 1 0 28 23 0

