Nome: RC203b_SCIH2+VNS_Basic
Indices:
Alfa1: 0.2 Alfa2: 0 Alfa3: 1 Alfa4: 0.1
Beta1: 0.1 Beta2: 0.3 Beta3: 0.3 Beta4: 0.2
Qtd_Rotas: 20 Dist_Total: 1906.3 Custo_Total: 852
ROTAS:
#  Custo Demanda Distancia k f Clientes
1 58 100 131.7 1 2 0 29 27 26 28 33 30 32 0
2 58 94 139.2 1 2 0 52 74 58 75 77 25 21 20 0
3 58 100 129.2 1 2 0 48 18 89 76 63 85 95 0
4 58 95 108.7 1 2 0 62 50 34 31 67 93 0
5 58 99 130.5 1 2 0 73 17 16 97 59 0
6 58 100 137.7 1 2 0 24 19 23 49 13 0
7 58 100 99.8 1 2 0 37 36 40 35 0
8 58 100 99.6 1 2 0 7 46 45 8 5 3 1 0
9 30 80 79.7 1 1 0 12 15 11 0
10 30 75 78.8 1 1 0 88 60 79 98 0
11 30 55 79.8 1 1 0 53 14 47 10 0
12 30 78 79.8 1 1 0 65 86 87 99 90 0
13 30 60 79.7 1 1 0 42 44 43 41 0
14 30 75 78.5 1 1 0 61 39 38 54 81 0
15 30 93 75.3 1 1 0 6 4 2 100 0
16 30 93 77.5 1 1 0 57 22 83 66 0
17 58 99 103.8 1 2 0 69 78 9 82 55 0
18 30 86 79.6 1 1 0 91 64 84 51 56 0
19 30 98 77.5 1 1 0 94 71 72 96 92 80 0
20 30 44 39.9 1 1 0 68 70 0

