Nome: RC102a_SCIH2+VNS_Basic
Indices:
Alfa1: 0.2 Alfa2: 0 Alfa3: 1 Alfa4: 0.1
Beta1: 0.1 Beta2: 0.3 Beta3: 0.3 Beta4: 0.2
Qtd_Rotas: 45 Dist_Total: 3613 Custo_Total: 3369
ROTAS:
#  Custo Demanda Distancia k f Clientes
1 83 40 117.2 1 4 0 28 26 0
2 83 40 117.8 1 4 0 29 27 30 0
3 83 39 115.4 1 4 0 52 75 58 0
4 83 39 108.6 1 4 0 85 63 89 95 0
5 83 40 108.9 1 4 0 33 34 0
6 83 36 112.5 1 4 0 62 31 32 93 0
7 83 37 110.1 1 4 0 23 77 0
8 83 40 129.5 1 4 0 73 97 0
9 76 40 99.5 1 3 0 18 25 0
10 76 40 92.4 1 3 0 49 48 21 24 0
11 76 40 89.3 1 3 0 39 37 35 0
12 76 40 86 1 3 0 36 0
13 83 39 119.8 1 4 0 76 74 0
14 83 35 113.4 1 4 0 87 59 100 0
15 76 40 82.5 1 3 0 16 15 0
16 76 40 82.1 1 3 0 45 5 3 0
17 76 40 80.7 1 3 0 14 47 17 0
18 76 40 81.4 1 3 0 44 40 0
19 76 40 80 1 3 0 19 0
20 76 40 80.6 1 3 0 7 8 46 0
21 83 40 109.6 1 4 0 79 13 0
22 76 40 83.6 1 3 0 1 6 0
23 76 38 87.6 1 3 0 72 42 43 0
24 76 39 75.7 1 3 0 61 38 0
25 76 40 72.2 1 3 0 4 0
26 76 39 71.2 1 3 0 67 50 0
27 76 38 94 1 3 0 51 20 82 0
28 76 40 70 1 3 0 22 0
29 76 40 76.1 1 3 0 9 12 0
30 68 40 67 1 2 0 11 0
31 68 32 66 1 2 0 78 53 0
32 76 37 74.7 1 3 0 98 86 0
33 68 36 63.7 1 2 0 90 10 0
34 76 40 74.7 1 3 0 81 2 0
35 68 36 64.1 1 2 0 41 54 0
36 68 37 54.2 1 2 0 84 56 0
37 68 37 55.3 1 2 0 83 57 0
38 68 36 54 1 2 0 88 60 0
39 68 40 51 1 2 0 96 71 0
40 68 40 59.3 1 2 0 64 94 0
41 68 31 42 1 2 0 65 99 0
42 68 39 44 1 2 0 55 70 0
43 60 40 30.9 1 1 0 91 92 80 0
44 68 37 46 1 2 0 66 68 0
45 60 27 18.4 1 1 0 69 0

