Nome: RC102b_SCIH2+VNS_Basic
Indices:
Alfa1: 0.2 Alfa2: 0 Alfa3: 1 Alfa4: 0.1
Beta1: 0.1 Beta2: 0.3 Beta3: 0.3 Beta4: 0.2
Qtd_Rotas: 32 Dist_Total: 2495.7 Custo_Total: 1059.2
ROTAS:
#  Custo Demanda Distancia k f Clientes
1 54 80 121 2 4 0 28 26 27 31 0
2 54 74 120.6 2 4 0 52 97 75 58 0
3 71.2 80 147.2 2 5 0 85 63 76 48 89 95 0
4 54 73 124.4 2 4 0 33 30 29 32 34 93 0
5 54 77 127.2 2 4 0 21 23 49 25 77 0
6 47 80 94.7 2 3 0 19 18 20 24 0
7 47 80 90.7 2 3 0 39 37 36 35 0
8 28 40 88.8 1 3 0 87 59 74 0
9 47 80 91.5 2 3 0 14 47 16 15 17 0
10 47 80 84.2 2 3 0 45 5 3 4 0
11 47 80 83.9 2 3 0 42 44 40 38 0
12 28 38 92.4 1 3 0 73 79 100 0
13 47 80 93.9 2 3 0 7 6 8 46 1 0
14 47 74 88.3 2 3 0 53 9 10 13 82 0
15 28 40 79.3 1 3 0 41 43 0
16 28 39 77.4 1 3 0 62 50 90 0
17 47 73 84.8 2 3 0 51 22 83 0
18 20 40 67 1 2 0 11 0
19 20 36 65.1 1 2 0 98 78 0
20 28 37 75.9 1 3 0 60 12 0
21 20 28 64.4 1 2 0 86 0
22 28 39 71.7 1 3 0 61 2 0
23 20 38 63.1 1 2 0 71 72 54 0
24 20 40 68.8 1 2 0 91 67 84 0
25 20 38 58.2 1 2 0 99 57 0
26 20 36 45.7 1 2 0 64 56 0
27 20 39 44 1 2 0 55 70 0
28 20 40 44 1 2 0 88 68 0
29 12 37 38.3 1 1 0 94 92 0
30 12 36 34.7 1 1 0 96 81 0
31 12 32 30.9 1 1 0 65 66 0
32 12 40 33.6 1 1 0 69 80 0

