Nome: R104a_SCIH2+VNS_Basic
Indices:
Alfa1: 0.1 Alfa2: 0 Alfa3: 0.9 Alfa4: 0.1
Beta1: 0 Beta2: 0.2 Beta3: 0.5 Beta4: 0.4
Qtd_Rotas: 36 Dist_Total: 2510.8 Custo_Total: 2852.4
ROTAS:
#  Custo Demanda Distancia k f Clientes
1 117.4 50 144.4 2 5 0 35 65 34 55 25 0
2 114.2 48 141.2 2 5 0 19 64 36 46 17 61 91 0
3 96 49 90 2 3 0 62 49 0
4 96 48 99.9 2 3 0 41 75 67 0
5 96 50 97.2 2 3 0 14 38 43 57 0
6 107.8 50 134.8 2 5 0 92 7 90 66 71 0
7 96 50 99.7 2 3 0 24 23 22 0
8 96 50 83 2 3 0 98 86 42 0
9 103 50 104.4 2 4 0 10 63 30 78 0
10 96 49 84.1 2 3 0 47 45 60 6 0
11 58 28 68.3 1 2 0 32 70 0
12 88 50 68.4 2 2 0 39 4 0
13 96 50 95.6 2 3 0 11 82 93 0
14 96 50 71.1 2 3 0 3 33 9 51 0
15 88 45 67.3 2 2 0 37 44 16 0
16 96 50 94.2 2 3 0 54 79 20 0
17 96 50 82.1 2 3 0 73 15 74 72 0
18 58 29 65.6 1 2 0 29 80 77 0
19 64 30 88.9 1 3 0 56 2 100 0
20 88 45 63.5 2 2 0 48 8 0
21 58 26 55.2 1 2 0 81 0
22 58 30 53.5 1 2 0 18 83 84 0
23 88 50 46.2 2 2 0 85 99 0
24 88 49 44.7 2 2 0 76 68 0
25 88 49 47.6 2 2 0 5 13 0
26 58 28 50.9 1 2 0 52 88 1 0
27 50 26 36.8 1 1 0 87 0
28 50 28 39.2 1 1 0 21 26 0
29 50 28 35.6 1 1 0 59 0
30 50 27 35 1 1 0 31 0
31 50 30 38.4 1 1 0 97 58 0
32 50 29 35 1 1 0 50 28 0
33 50 26 33.2 1 1 0 89 96 0
34 88 48 59 2 2 0 95 40 12 0
35 80 36 32.8 2 1 0 27 69 53 0
36 50 27 24 1 1 0 94 0

