Nome: C105a_SCIH2+VNS_Basic
Indices:
Alfa1: 0.4 Alfa2: 0 Alfa3: 1 Alfa4: 0.1
Beta1: 0 Beta2: 0.1 Beta3: 0.2 Beta4: 0.3
Qtd_Rotas: 19 Dist_Total: 1609.2 Custo_Total: 6193
ROTAS:
#  Custo Demanda Distancia k f Clientes
1 343 100 124.3 1 4 0 78 76 70 73 77 79 80 0
2 343 100 122.9 1 4 0 81 71 82 84 89 0
3 329 100 95.8 1 3 0 55 56 58 60 59 0
4 329 100 91 1 3 0 57 54 53 0
5 329 100 92.6 1 3 0 96 95 94 92 97 0
6 329 100 92.3 1 3 0 98 93 100 99 1 0
7 329 100 99.5 1 3 0 35 37 38 39 36 52 0
8 329 100 90.6 1 3 0 18 19 16 14 12 0
9 329 100 80.9 1 3 0 13 17 15 9 0
10 329 100 82 1 3 0 24 32 31 29 30 26 23 0
11 329 100 95.5 1 3 0 20 33 34 22 47 0
12 329 100 91.2 1 3 0 90 87 86 83 88 91 69 0
13 329 100 93.2 1 3 0 5 85 4 2 75 0
14 315 100 58.4 1 2 0 40 44 46 45 48 51 50 49 0
15 329 100 79.6 1 3 0 67 65 41 62 72 61 64 68 66 0
16 300 100 39.7 1 1 0 63 74 0
17 329 100 84.3 1 3 0 43 3 7 8 10 11 6 0
18 315 90 60 1 2 0 42 25 27 21 0
19 300 20 35.4 1 1 0 28 0

