Nome: C201c_SCIH2+VNS_Basic
Indices:
Alfa1: 0.4 Alfa2: 0 Alfa3: 1 Alfa4: 0.1
Beta1: 0 Beta2: 0.1 Beta3: 0.2 Beta4: 0.3
Qtd_Rotas: 6 Dist_Total: 849.5 Custo_Total: 834
ROTAS:
#  Custo Demanda Distancia k f Clientes
1 159 400 181 1 3 0 93 5 75 4 89 91 88 84 86 83 82 85 76 71 70 73 80 79 81 78 77 87 90 0
2 130 400 133.8 1 2 0 67 66 69 68 65 49 55 54 53 56 58 60 59 57 40 44 46 45 51 50 47 43 42 41 48 0
3 159 400 182.2 1 3 0 2 1 99 100 97 92 94 95 98 7 3 16 14 12 17 13 9 11 10 8 21 0
4 186 380 224.6 1 4 0 20 22 24 27 30 29 6 32 33 31 35 37 38 39 36 34 28 26 23 18 19 52 96 0
5 100 80 74.3 1 1 0 15 25 0
6 100 150 53.6 1 1 0 63 62 74 72 61 64 0

