Nome: R203b_SCIH2+VNS_Basic
Indices:
Alfa1: 0.1 Alfa2: 0 Alfa3: 0.9 Alfa4: 0.1
Beta1: 0 Beta2: 0.2 Beta3: 0.5 Beta4: 0.4
Qtd_Rotas: 5 Dist_Total: 1264.6 Custo_Total: 907
ROTAS:
#  Custo Demanda Distancia k f Clientes
1 203 300 287.4 1 5 0 1 51 20 90 63 32 71 65 78 79 9 66 35 34 81 70 29 24 80 3 77 12 28 0
2 149 300 197.6 1 3 0 89 92 85 91 16 61 60 83 45 46 47 36 11 64 49 19 48 82 7 18 52 0
3 203 300 285.5 1 5 0 26 54 39 67 23 57 14 38 43 41 22 56 55 4 75 74 72 73 21 2 17 0
4 176 299 234.8 1 4 0 96 59 98 42 15 44 86 99 6 84 8 5 93 100 37 97 95 94 58 25 0
5 176 259 259.3 1 4 0 27 33 69 88 62 30 76 40 53 87 10 31 50 68 13 0

