Nome: C206c_SCIH2+VNS_Basic
Indices:
Alfa1: 0.4 Alfa2: 0 Alfa3: 1 Alfa4: 0.1
Beta1: 0 Beta2: 0.1 Beta3: 0.2 Beta4: 0.3
Qtd_Rotas: 6 Dist_Total: 912.3 Custo_Total: 834
ROTAS:
#  Custo Demanda Distancia k f Clientes
1 159 400 197 1 3 0 5 75 1 89 7 3 4 91 88 86 84 83 82 85 76 71 70 73 80 79 81 78 77 87 96 0
2 130 400 138.9 1 2 0 67 66 69 68 65 49 55 54 53 60 58 56 59 57 40 44 46 45 51 50 47 41 42 43 48 0
3 186 400 245.1 1 4 0 20 24 22 93 2 99 100 94 92 97 95 98 12 14 16 9 90 11 10 8 21 0
4 159 390 194.2 1 3 0 27 30 29 6 31 35 32 33 36 39 37 38 34 28 26 23 18 19 17 25 52 0
5 100 70 72.3 1 1 0 13 15 0
6 100 150 64.8 1 1 0 62 63 74 64 61 72 0

