Nome: C203b_SCIH2+VNS_Basic
Indices:
Alfa1: 0.4 Alfa2: 0 Alfa3: 1 Alfa4: 0.1
Beta1: 0 Beta2: 0.1 Beta3: 0.2 Beta4: 0.3
Qtd_Rotas: 5 Dist_Total: 897.9 Custo_Total: 1322
ROTAS:
#  Custo Demanda Distancia k f Clientes
1 259 400 171.5 1 3 0 67 63 62 74 96 86 84 83 82 85 81 76 71 70 73 80 79 78 77 87 0
2 259 400 154.7 1 3 0 66 69 68 65 49 55 54 53 60 56 58 59 57 40 44 46 50 45 51 52 42 41 43 47 48 0
3 286 400 230.7 1 4 0 89 3 7 98 99 100 95 94 92 97 4 91 90 1 2 75 5 17 9 11 10 8 21 29 24 20 0
4 259 400 173.6 1 3 0 22 27 30 6 32 33 31 35 37 38 39 28 36 34 26 23 19 18 13 25 0
5 259 210 167.4 1 3 0 93 64 61 72 88 12 14 16 15 0

