Nome: C206a_SCIH2+VNS_Basic
Indices:
Alfa1: 0.4 Alfa2: 0 Alfa3: 1 Alfa4: 0.1
Beta1: 0 Beta2: 0.1 Beta3: 0.2 Beta4: 0.3
Qtd_Rotas: 5 Dist_Total: 943.6 Custo_Total: 5291
ROTAS:
#  Custo Demanda Distancia k f Clientes
1 1059 400 197 1 3 0 5 75 1 89 7 3 4 91 88 86 84 83 82 85 76 71 70 73 80 79 81 78 77 87 96 0
2 1030 400 138.9 1 2 0 67 66 69 68 65 49 55 54 53 60 58 56 59 57 40 44 46 45 51 50 47 41 42 43 48 0
3 1086 400 245.1 1 4 0 20 24 22 93 2 99 100 94 92 97 95 98 12 14 16 9 90 11 10 8 21 0
4 1086 400 238.2 1 4 0 72 27 30 29 6 31 35 32 33 36 39 37 38 34 28 26 23 18 19 17 25 52 0
5 1030 210 124.4 1 2 0 63 62 64 61 74 13 15 0

