Nome: R108b_SCIH2+VNS_Basic
Indices:
Alfa1: 0.1 Alfa2: 0 Alfa3: 0.9 Alfa4: 0.1
Beta1: 0 Beta2: 0.2 Beta3: 0.5 Beta4: 0.4
Qtd_Rotas: 28 Dist_Total: 1894.4 Custo_Total: 779
ROTAS:
#  Custo Demanda Distancia k f Clientes
1 52 80 116.5 3 4 0 78 35 65 71 66 20 0
2 52 80 126.8 3 4 0 70 90 64 49 36 47 46 0
3 45 79 92 3 3 0 72 23 67 0
4 76 120 120.6 4 4 0 92 91 42 14 38 86 61 17 5 0
5 52 79 121.9 3 4 0 81 9 34 55 24 54 0
6 45 80 89.4 3 3 0 10 63 32 30 51 0
7 52 79 102.7 3 4 0 93 16 44 43 41 74 0
8 24 50 68.4 2 2 0 39 4 0
9 45 80 95.6 3 3 0 62 11 19 82 45 0
10 32 49 95.2 2 3 0 33 79 29 25 0
11 32 50 83.6 2 3 0 15 22 75 56 0
12 24 50 64.2 2 2 0 8 48 7 0
13 24 46 67.7 2 2 0 60 83 84 100 37 0
14 24 48 65.1 2 2 0 85 57 0
15 24 49 49.9 2 2 0 3 68 0
16 24 47 66.8 2 2 0 59 98 73 0
17 24 49 56.6 2 2 0 1 77 80 12 0
18 10 25 39.2 1 1 0 27 88 0
19 16 49 36.9 2 1 0 87 13 0
20 10 25 36.2 1 1 0 2 58 0
21 10 28 39.2 1 1 0 21 26 0
22 10 27 35 1 1 0 31 0
23 10 29 37.8 1 1 0 95 99 0
24 16 50 39.9 2 1 0 94 96 97 0
25 10 26 38.1 1 1 0 50 76 0
26 10 30 39.9 1 1 0 6 89 18 0
27 10 15 34.3 1 1 0 69 52 0
28 16 39 34.9 2 1 0 53 28 40 0

