Nome: C109c_SCIH2+VNS_Basic
Indices:
Alfa1: 0.4 Alfa2: 0 Alfa3: 1 Alfa4: 0.1
Beta1: 0 Beta2: 0.1 Beta3: 0.2 Beta4: 0.3
Qtd_Rotas: 19 Dist_Total: 1541.6 Custo_Total: 1035
ROTAS:
#  Custo Demanda Distancia k f Clientes
1 73 100 125.6 1 4 0 78 76 73 70 77 79 80 0
2 73 100 127.9 1 4 0 71 81 82 83 89 91 0
3 59 100 98.4 1 3 0 55 56 60 58 59 0
4 59 100 91.2 1 3 0 57 53 54 0
5 59 100 97.7 1 3 0 96 95 92 94 100 99 0
6 59 100 94.7 1 3 0 98 93 97 9 0
7 59 100 94.5 1 3 0 35 37 38 39 36 30 0
8 59 100 94.1 1 3 0 18 19 14 16 12 0
9 59 100 78 1 3 0 17 15 13 11 0
10 59 100 86.6 1 3 0 32 31 51 45 48 50 52 0
11 59 100 77.5 1 3 0 24 27 29 33 34 26 0
12 45 90 65.8 1 2 0 90 87 86 85 84 0
13 59 100 75.7 1 3 0 88 4 2 1 75 0
14 45 100 55.6 1 2 0 67 65 62 72 61 64 68 66 69 0
15 45 100 54.2 1 2 0 43 41 40 42 46 44 47 0
16 30 100 39.7 1 1 0 63 74 0
17 59 100 83.8 1 3 0 5 20 25 23 21 49 0
18 45 100 65.2 1 2 0 3 8 10 7 6 22 0
19 30 20 35.4 1 1 0 28 0

