Nome: R202b_SCIH2+VNS_Basic
Indices:
Alfa1: 0.1 Alfa2: 0 Alfa3: 0.9 Alfa4: 0.1
Beta1: 0 Beta2: 0.2 Beta3: 0.5 Beta4: 0.4
Qtd_Rotas: 6 Dist_Total: 1366.1 Custo_Total: 1043.6
ROTAS:
#  Custo Demanda Distancia k f Clientes
1 249.6 299 366.6 1 6 0 1 50 33 65 71 78 9 81 51 90 49 46 7 10 66 20 32 35 34 24 80 3 77 70 0
2 176 300 254.2 1 4 0 52 83 45 82 48 47 36 63 64 11 19 62 88 31 30 76 79 53 6 60 0
3 203 297 298.1 1 5 0 92 28 21 72 75 39 23 67 73 2 38 91 57 41 22 56 74 4 55 25 12 26 0
4 149 300 177.5 1 3 0 96 59 98 37 42 15 14 85 61 16 44 86 84 8 17 100 93 94 0
5 176 250 238.1 1 4 0 27 69 29 40 5 99 87 43 97 95 13 54 68 58 89 0
6 90 12 31.6 1 1 0 18 0

