Nome: R108a_SCIH2+VNS_Basic
Indices:
Alfa1: 0.1 Alfa2: 0 Alfa3: 0.9 Alfa4: 0.1
Beta1: 0 Beta2: 0.2 Beta3: 0.5 Beta4: 0.4
Qtd_Rotas: 36 Dist_Total: 2443.6 Custo_Total: 2861.4
ROTAS:
#  Custo Demanda Distancia k f Clientes
1 130.2 50 157.2 2 5 0 35 65 34 24 55 6 0
2 114.2 48 141.2 2 5 0 19 64 36 46 17 61 91 0
3 96 49 90 2 3 0 49 62 0
4 103 50 114.4 2 4 0 92 41 75 67 0
5 96 50 97.2 2 3 0 14 38 43 57 0
6 103 49 129.8 2 4 0 60 90 66 71 78 0
7 96 47 74.2 2 3 0 23 22 0
8 96 50 83 2 3 0 98 86 42 0
9 96 49 77 2 3 0 10 63 32 0
10 88 48 69.3 2 2 0 82 47 7 0
11 88 50 68.4 2 2 0 39 4 0
12 96 48 93.3 2 3 0 11 8 45 83 0
13 96 49 94.2 2 3 0 3 80 54 25 56 0
14 88 50 66.2 2 2 0 50 33 9 51 0
15 103 50 104.2 2 4 0 37 44 16 70 0
16 58 30 64.2 1 2 0 20 30 0
17 96 47 74.3 2 3 0 15 100 93 0
18 58 28 60.5 1 2 0 29 12 0
19 88 48 57.5 2 2 0 18 48 0
20 88 49 59.5 2 2 0 81 79 0
21 58 28 49.7 1 2 0 21 74 73 0
22 88 50 56.3 2 2 0 84 95 13 0
23 88 50 46.2 2 2 0 85 99 0
24 58 25 45 1 2 0 72 0
25 88 50 46.1 2 2 0 77 68 0
26 58 26 41.2 1 2 0 5 0
27 58 28 50.9 1 2 0 52 88 1 0
28 50 26 36.8 1 1 0 87 0
29 50 25 36.2 1 1 0 2 58 0
30 50 28 35.6 1 1 0 59 0
31 50 27 35 1 1 0 31 0
32 58 29 61.1 1 2 0 69 96 97 0
33 50 30 39.5 1 1 0 26 76 0
34 50 27 24 1 1 0 94 0
35 50 25 29.5 1 1 0 28 40 0
36 80 45 34.9 2 1 0 27 53 89 0

