Nome: R107a_SCIH2+VNS_Basic
Indices:
Alfa1: 0.1 Alfa2: 0 Alfa3: 0.9 Alfa4: 0.1
Beta1: 0 Beta2: 0.2 Beta3: 0.5 Beta4: 0.4
Qtd_Rotas: 37 Dist_Total: 2587.7 Custo_Total: 2901
ROTAS:
#  Custo Demanda Distancia k f Clientes
1 103 49 112 2 4 0 71 65 35 80 0
2 113.9 49 140.9 2 5 0 19 64 46 17 16 91 0
3 103 49 113.1 2 4 0 83 36 49 90 0
4 64 30 97.9 1 3 0 67 41 0
5 96 49 88.9 2 3 0 14 38 61 0
6 105.4 46 132.4 2 5 0 92 78 9 66 0
7 96 49 93.5 2 3 0 23 75 55 0
8 96 48 89.3 2 3 0 54 24 34 3 0
9 96 50 86.5 2 3 0 42 98 86 0
10 96 50 99.4 2 3 0 30 10 63 60 0
11 119.7 49 146.7 2 5 0 7 45 44 6 43 0
12 96 50 84.2 2 3 0 82 47 84 0
13 58 28 68.3 1 2 0 32 70 0
14 88 50 68.4 2 2 0 39 4 0
15 103 49 118.2 2 4 0 62 11 20 29 0
16 103 50 102.4 2 4 0 51 33 79 25 0
17 96 47 74.3 2 3 0 15 100 93 0
18 96 47 90 2 3 0 69 73 22 56 74 0
19 88 45 63.5 2 2 0 48 8 0
20 58 26 55.2 1 2 0 81 0
21 88 50 61.1 2 2 0 97 37 57 13 0
22 88 50 46.2 2 2 0 99 85 0
23 58 25 45 1 2 0 72 0
24 88 50 46.1 2 2 0 68 77 0
25 88 46 47.2 2 2 0 5 95 0
26 58 30 49.6 1 2 0 52 88 18 0
27 50 26 36.8 1 1 0 87 0
28 50 25 36.2 1 1 0 2 58 0
29 50 28 39.2 1 1 0 21 26 0
30 50 28 35.6 1 1 0 59 0
31 50 27 35 1 1 0 31 0
32 50 26 38.1 1 1 0 50 76 0
33 50 26 33.2 1 1 0 89 96 0
34 50 26 31 1 1 0 27 1 0
35 58 28 40.3 1 2 0 40 12 0
36 50 27 24 1 1 0 94 0
37 50 30 18 1 1 0 53 28 0

