Nome: R204b_SCIH2+VNS_Basic
Indices:
Alfa1: 0.1 Alfa2: 0 Alfa3: 0.9 Alfa4: 0.1
Beta1: 0 Beta2: 0.2 Beta3: 0.5 Beta4: 0.4
Qtd_Rotas: 5 Dist_Total: 1066.4 Custo_Total: 908
ROTAS:
#  Custo Demanda Distancia k f Clientes
1 258 400 318.1 2 5 0 50 33 81 78 34 35 71 65 66 20 32 90 63 64 49 19 11 10 88 7 47 36 46 8 45 17 84 61 91 42 37 60 52 27 0
2 176 296 208.8 1 4 0 6 97 92 98 16 14 43 15 57 2 41 22 75 56 23 67 39 55 25 24 29 80 3 77 28 0
3 149 298 146.6 1 3 0 18 48 82 83 5 93 44 38 86 85 99 100 59 96 0
4 176 298 230.1 1 4 0 40 73 72 21 26 69 76 12 54 68 79 9 51 30 70 31 1 89 74 0
5 149 166 162.8 1 3 0 94 95 62 53 87 4 13 58 0

