Nome: R205a_SCIH2+VNS_Basic
Indices:
Alfa1: 0.1 Alfa2: 0 Alfa3: 0.9 Alfa4: 0.1
Beta1: 0 Beta2: 0.2 Beta3: 0.5 Beta4: 0.4
Qtd_Rotas: 5 Dist_Total: 1537.5 Custo_Total: 3491.4
ROTAS:
#  Custo Demanda Distancia k f Clientes
1 913.4 400 415.4 2 6 0 27 69 28 12 29 76 33 71 65 9 90 11 49 19 7 51 81 3 79 78 34 35 66 20 32 10 70 1 80 91 0
2 997.4 399 499.4 2 6 0 95 42 92 59 5 83 45 82 47 36 64 63 62 88 52 18 6 44 38 16 85 84 8 46 55 48 17 60 89 24 0
3 564.6 300 321.6 1 6 0 14 15 2 21 72 75 23 67 39 41 22 57 73 40 43 25 4 56 74 54 77 0
4 536 293 218.5 1 4 0 30 31 87 99 98 61 86 96 94 100 37 97 13 68 58 0
5 480 66 82.6 1 2 0 50 26 53 93 0

