Instance Name: Dia1
Qty_Routes: 66 Total_Distance: 3522.72 Total_Cost: 27189
List of routes:
#  Cost Demand Distance k f Clients
1 589.007 7.608 189.007 1 6 0 12 114 64 122 131 0
2 550 7.96 149.628 1 5 0 2 74 92 82 86 0
3 750 14 131.437 2 5 0 27 0
4 750 13.82 123.835 2 5 0 42 0
5 550 7.976 147.21 1 5 0 35 91 0
6 400 7.62 97.4052 1 4 0 58 31 100 43 0
7 600 14 95.374 2 4 0 25 0
8 400 8 97.5943 1 4 0 116 129 109 72 0
9 400 7.4 94.7836 1 4 0 88 81 48 47 34 85 0
10 400 8 96.8709 1 4 0 113 130 6 0
11 600 14 74.0422 2 4 0 106 0
12 400 8 76.0411 1 4 0 76 78 53 0
13 400 7.92 72.5633 1 4 0 90 3 0
14 600 14 70.1821 2 4 0 30 0
15 600 13.608 70.4979 2 4 0 18 51 96 13 0
16 600 14 67.4368 2 4 0 8 0
17 400 8 79.1154 1 4 0 128 121 9 0
18 400 7.92 66.1178 1 4 0 21 93 73 0
19 600 14 62.9477 2 4 0 119 0
20 400 8 80.4278 1 4 0 70 94 97 0
21 600 14 87.8197 2 4 0 112 26 40 59 87 0
22 300 3.2 58.9356 1 3 0 67 0
23 300 7.2 59.5386 1 3 0 66 68 102 0
24 300 7.98 59.6101 1 3 0 33 101 0
25 300 6 56.503 1 3 0 80 0
26 300 6.6 59.3392 1 3 0 38 99 0
27 300 8 59.9627 1 3 0 49 124 0
28 300 6 56.3028 1 3 0 55 5 125 0
29 500 14 52.548 2 3 0 61 0
30 500 13.36 47.7257 2 3 0 7 0
31 300 6.38 44.6483 1 3 0 75 19 17 41 11 0
32 650 20 54.172 3 3 0 4 83 32 0
33 300 7 41.6203 1 3 0 117 16 120 0
34 500 14 40.3118 2 3 0 24 0
35 300 7.6 44.0117 1 3 0 103 60 28 0
36 600 20 39.2454 3 2 0 89 0
37 250 8 38.0888 1 2 0 54 65 0
38 450 14 37.675 2 2 0 52 0
39 250 8 37.3612 1 2 0 62 0
40 450 14 37.3571 2 2 0 39 0
41 450 14 35.362 2 2 0 15 0
42 450 14 33.5246 2 2 0 29 0
43 450 14 31.7609 2 2 0 84 0
44 450 13.94 26.8319 2 2 0 23 0
45 450 13.6 25.7968 2 2 0 45 0
46 250 8 28.2449 1 2 0 110 98 0
47 600 20 24.3882 3 2 0 118 0
48 450 12.2 23.7813 2 2 0 44 0
49 250 7.4 28.09 1 2 0 108 57 50 0
50 250 6.88 37.1851 1 2 0 105 115 0
51 450 14 22.4583 2 2 0 69 0
52 250 8 29.7356 1 2 0 14 36 0
53 250 8 21.8291 1 2 0 79 104 77 0
54 400 13.664 19.7223 2 1 0 1 0
55 200 6.4 19.1323 1 1 0 56 46 0
56 250 8 21.5327 1 2 0 37 111 0
57 200 6 17.6484 1 1 0 107 0
58 200 6 17.5455 1 1 0 127 0
59 400 14 14.6542 2 1 0 71 0
60 400 14 14.187 2 1 0 22 0
61 400 10 13.8043 2 1 0 63 0
62 200 4.4 13.6522 1 1 0 95 0
63 400 12.184 13.2255 2 1 0 10 0
64 400 14 12.4415 2 1 0 126 0
65 200 6 11.924 1 1 0 123 0
66 400 14 8.96905 2 1 0 20 0

