Instance Name: Day1
Qty_Routes: 57 Total_Distance: 3022.8 Total_Cost: 25283.9
List of ROUTES:
#  Cost Demand Distance k f Clients
1 200 6 17.9765 1 1 0 111 0
2 250 6.4 37.828 1 2 0 26 57 50 51 0
3 200 6 17.5455 1 1 0 127 0
4 400 6 98.6267 1 4 0 109 129 72 0
5 750 19.6 97.7203 3 4 0 117 40 49 81 87 47 0
6 400 8 78.4938 1 4 0 9 128 116 0
7 933.92 19.8 183.92 3 6 0 92 86 122 64 27 0
8 400 7.2 99.3104 1 4 0 67 130 34 0
9 200 6.608 18.314 1 1 0 18 107 0
10 400 7.416 95.2791 1 4 0 16 120 35 85 0
11 300 8 46.8963 1 3 0 77 93 28 0
12 900 19.82 147.527 3 5 0 42 114 82 131 0
13 400 7.968 99.4528 1 4 0 124 31 12 0
14 750 20 91.2185 3 4 0 8 76 53 0
15 300 7.2 58.2513 1 3 0 112 68 80 0
16 750 18.6 98.5693 3 4 0 106 48 6 0
17 300 7.98 59.6101 1 3 0 33 101 0
18 400 8 70.777 1 4 0 55 125 5 121 0
19 750 19.26 97.3196 3 4 0 60 100 43 25 0
20 250 8 37.3612 1 2 0 62 0
21 200 6.8 18.8503 1 1 0 79 104 21 0
22 750 19.04 99.6737 3 4 0 3 13 73 0
23 400 12 15.848 2 1 0 37 63 0
24 400 8 80.4278 1 4 0 70 94 97 0
25 450 13.4 36.1286 2 2 0 103 44 0
26 600 19.94 34.6529 3 2 0 54 83 23 0
27 650 20 57.9238 3 3 0 32 102 0
28 200 8 14.0285 1 1 0 123 14 0
29 300 7.98 57.7274 1 3 0 66 41 19 17 11 0
30 300 8 57.9021 1 3 0 108 99 0
31 500 14 52.548 2 3 0 61 0
32 500 13.36 47.7257 2 3 0 7 0
33 500 14 40.3118 2 3 0 24 0
34 250 7 24.182 1 2 0 36 58 0
35 250 8 37.8177 1 2 0 110 65 0
36 250 8 38.9534 1 2 0 56 98 0
37 750 19.4 89.3381 3 4 0 38 88 59 113 119 0
38 450 14 37.675 2 2 0 52 0
39 450 14 37.3571 2 2 0 39 0
40 250 7.68 32.1731 1 2 0 4 115 75 0
41 450 14 33.5246 2 2 0 29 0
42 600 20 24.3882 3 2 0 118 0
43 450 14 31.7609 2 2 0 84 0
44 450 14 22.4583 2 2 0 69 0
45 600 20 39.2454 3 2 0 89 0
46 750 20 79.9934 3 4 0 105 30 74 78 0
47 300 7.56 59.4402 1 3 0 2 96 90 0
48 450 14 35.362 2 2 0 15 0
49 200 6.8 18.7741 1 1 0 95 46 0
50 450 13.6 25.7968 2 2 0 45 0
51 400 12.184 13.2255 2 1 0 10 0
52 400 14 12.4415 2 1 0 126 0
53 400 14 14.187 2 1 0 22 0
54 400 14 14.6542 2 1 0 71 0
55 400 14 8.96905 2 1 0 20 0
56 550 7.56 105.616 1 5 0 91 0
57 400 13.664 19.7223 2 1 0 1 0

