Instance Name: Day2
Qty_Routes: 58 Total_Distance: 2800.46 Total_Cost: 28150
List of ROUTES:
#  Cost Demand Distance k f Clients
1 250 7.6 36.74 1 2 0 83 95 37 80 0
2 750 19.98 93.9454 3 4 0 33 53 103 44 0
3 300 7.8 50.9443 1 3 0 34 68 54 0
4 200 7 19.3294 1 1 0 43 7 0
5 600 14 92.8341 2 4 0 72 0
6 750 19.78 95.9401 3 4 0 14 92 11 0
7 750 13.82 118.607 2 5 0 21 0
8 750 20 74.1723 3 4 0 25 0
9 600 14 73.6552 2 4 0 6 0
10 600 14 69.8892 2 4 0 91 0
11 600 14 76.3933 2 4 0 38 0
12 250 7.104 36.6788 1 2 0 20 58 13 0
13 200 6.26 14.7487 1 1 0 49 35 0
14 600 14 63.9411 2 4 0 18 0
15 200 6 19.742 1 1 0 82 62 0
16 600 14 63.3064 2 4 0 10 0
17 500 14 56.8809 2 3 0 5 0
18 500 14 56.709 2 3 0 71 0
19 650 20 59.852 3 3 0 69 93 30 0
20 250 8 36.2767 1 2 0 66 86 94 0
21 600 14 63.5546 2 4 0 9 0
22 600 13.9 66.7375 2 4 0 32 0
23 500 14 56.6268 2 3 0 57 0
24 400 8 91.6072 1 4 0 65 40 22 0
25 500 14 52.7526 2 3 0 42 0
26 500 13.88 41.2417 2 3 0 8 0
27 300 8 52.5205 1 3 0 64 100 97 0
28 500 13.9 46.9995 2 3 0 41 0
29 500 14 40.3118 2 3 0 31 0
30 500 14 45.887 2 3 0 90 73 0
31 500 14 53.4854 2 3 0 26 0
32 650 20 41.0341 3 3 0 96 0
33 500 13.6 48.0725 2 3 0 74 17 0
34 450 14 34.1092 2 2 0 24 0
35 600 20 33.7644 3 2 0 85 0
36 450 14 39.6404 2 2 0 29 0
37 400 7.9 88.9298 1 4 0 67 23 3 77 12 0
38 450 14 31.7609 2 2 0 76 0
39 450 14 35.9164 2 2 0 27 0
40 650 19.2 55.7401 3 3 0 89 78 63 0
41 600 20 38.6611 3 2 0 101 47 61 0
42 450 14 37.4351 2 2 0 46 0
43 450 14 24.3882 2 2 0 98 0
44 900 19.96 149.48 3 5 0 70 50 51 19 0
45 600 18.8 38.8185 3 2 0 60 48 0
46 750 19.736 78.157 3 4 0 15 1 102 16 0
47 200 6.8 17.4062 1 1 0 36 99 81 0
48 400 11.96 19.1327 2 1 0 4 0
49 400 13.216 12.393 2 1 0 59 0
50 250 8 34.3906 1 2 0 88 75 0
51 400 14 10.9274 2 1 0 45 0
52 600 20 21.9498 3 2 0 52 0
53 250 7.008 34.0628 1 2 0 39 55 79 0
54 400 14 8.66022 2 1 0 28 0
55 400 14 7.73814 2 1 0 87 0
56 400 14 9.97735 2 1 0 84 0
57 400 12 9.95777 2 1 0 56 0
58 400 14 15.6423 2 1 0 2 0

