Instance Name: Day3
Qty_Routes: 66 Total_Distance: 3653.31 Total_Cost: 28209
List of ROUTES:
#  Cost Demand Distance k f Clients
1 250 6 38.3297 1 2 0 84 0
2 250 6 33.2348 1 2 0 49 0
3 750 14 117.572 2 5 0 42 0
4 900 18.72 149.492 3 5 0 32 78 91 0
5 750 18.1 74.741 3 4 0 9 24 0
6 550 8 145.49 1 5 0 87 99 0
7 400 8 94.3726 1 4 0 29 0
8 250 6 35.6377 1 2 0 86 0
9 750 20 92.6847 3 4 0 3 0
10 600 14 81.4686 2 4 0 18 0
11 400 8 89.4883 1 4 0 67 56 60 0
12 400 6.8 98.5827 1 4 0 103 64 76 106 0
13 400 7.16 96.2599 1 4 0 90 62 54 97 0
14 400 8 81.1599 1 4 0 46 38 59 66 0
15 300 6 58.9356 1 3 0 63 0
16 600 14 75.6135 2 4 0 2 0
17 600 14 74.8467 2 4 0 14 0
18 200 2 19.9007 1 1 0 88 0
19 600 14 89.5556 2 4 0 68 55 0
20 600 14 74.1723 2 4 0 17 0
21 400 8 77.313 1 4 0 77 0
22 400 7.8 98.1959 1 4 0 95 48 52 40 0
23 400 8 71.9954 1 4 0 94 35 0
24 250 4 38.8035 1 2 0 79 65 0
25 400 8 66.7119 1 4 0 43 0
26 600 14 61.7521 2 4 0 53 0
27 400 6.4 96.071 1 4 0 25 0
28 200 4 12.4649 1 1 0 5 0
29 600 14 66.9574 2 4 0 81 0
30 500 14 57.871 2 3 0 36 0
31 650 20 57.2836 3 3 0 69 0
32 400 6.88 83.4691 1 4 0 100 37 92 30 58 70 0
33 500 14 54.3294 2 3 0 33 0
34 300 7.6 59.4074 1 3 0 89 13 0
35 500 14 40.3118 2 3 0 20 0
36 500 14 43.9934 2 3 0 23 0
37 450 14 39.6404 2 2 0 19 0
38 500 14 47.8679 2 3 0 8 0
39 500 14 55.3454 2 3 0 27 0
40 200 4 19.6239 1 1 0 50 73 0
41 450 14 37.8034 2 2 0 45 0
42 250 8 37.2466 1 2 0 71 0
43 400 7.2 98.831 1 4 0 96 11 101 1 51 0
44 300 7.6 50.5472 1 3 0 104 16 10 80 0
45 450 14 30.9028 2 2 0 7 0
46 958.975 19.936 208.975 3 6 0 74 47 39 44 28 0
47 450 14 27.2165 2 2 0 26 0
48 300 8 58.8534 1 3 0 98 83 0
49 200 6 15.7906 1 1 0 82 108 0
50 450 14 33.117 2 2 0 61 0
51 450 14 24.3882 2 2 0 102 0
52 250 7.52 26.1069 1 2 0 4 0
53 400 14 16.1978 2 1 0 21 0
54 450 14 30.816 2 2 0 22 0
55 400 14 15.0607 2 1 0 41 0
56 450 14 20.9935 2 2 0 15 0
57 200 6 14.9893 1 1 0 109 0
58 400 14 14.9994 2 1 0 105 0
59 200 7 19.773 1 1 0 93 12 0
60 200 8 18.3193 1 1 0 72 75 0
61 400 10 13.8043 2 1 0 57 0
62 400 14 13.3864 2 1 0 31 0
63 200 8 16.5837 1 1 0 34 0
64 200 6 11.9952 1 1 0 85 0
65 400 14 12.4415 2 1 0 107 0
66 400 14 13.2255 2 1 0 6 0

